core	outsider	nonsep	gene.name
1	18	1	42	1X101
2	10	1	50	1X2086
3	3	1	57	1X2917
4	7	1	53	1X3284
5	21	1	39	1X3790
6	7	1	53	1X5596
7	9	1	51	1X5912
8	7	1	53	1X6719
9	14	1	46	1X9394
10	6	1	54	1X10937
11	9	1	51	1X11807
12	8	1	52	1X12709
13	3	1	57	1X14101
14	6	1	54	1X14827
15	6	1	54	1X16433
16	18	1	42	1X16545
17	20	1	40	1X16801
18	7	1	53	1X17553
19	8	1	52	1X17621
20	10	1	50	1X17694
21	5	1	55	1X19376
22	5	1	55	1X19700
23	6	1	54	1X20445
24	5	1	55	1X22176
25	8	1	52	1X22855
26	12	1	48	1X23884
27	19	1	41	1X24248
28	6	1	54	1X28392
29	3	1	57	1X28453
30	9	1	51	1X29421
31	14	1	46	1X29553
32	9	1	51	1X30777
33	5	1	55	1X31171
34	10	1	50	1X31651
35	12	1	48	1X32354
36	11	1	49	1X33157
37	11	1	49	1X34060
38	5	1	55	1X36424
39	11	1	49	1X36721
40	17	1	43	1X37770
41	13	1	47	1X38110
42	5	1	55	1X38129
43	13	1	47	1X38374
44	23	1	37	2X38473
45	25	1	35	2X38781
46	18	1	42	2X38859
47	7	1	53	2X39935
48	11	1	49	2X40258
49	6	1	54	2X40322
50	9	1	51	2X40378
51	10	1	50	2X41021
52	10	1	50	2X41093
53	10	1	50	2X41422
54	8	1	52	2X41455
55	12	1	48	2X43035
56	7	1	53	2X43246
57	5	1	55	2X43292
58	11	1	49	2X43610
59	12	1	48	2X43824
60	10	1	50	2X43864
61	7	1	53	2X43880
62	5	1	55	2X44348
63	8	1	52	2X46416
64	4	1	56	2X46809
65	11	1	49	2X48187
66	7	1	53	2X49379
67	16	1	44	2X49663
68	21	1	39	2X50433
69	12	1	48	2X51570
70	14	1	46	2X51939
71	16	1	44	2X52619
72	8	1	52	2X52980
73	20	1	40	2X53084
74	28	1	32	2X53504
75	13	1	47	2X53694
76	10	1	50	2X54307
77	13	1	47	2X54955
78	9	1	51	2X55222
79	10	1	50	2X55836
80	6	1	54	2X56534
81	9	1	51	2X57059
82	6	1	54	2X57093
83	26	1	34	2X57681
84	20	1	40	2X58366
85	22	1	38	2X58737
86	17	1	43	2X59193
87	7	1	53	2X59718
88	5	1	55	2X67857
89	35	1	25	3X69263
90	41	1	19	3X69280
91	18	1	42	3X70430
92	55	1	5	3X71201
93	49	1	11	3X71577
94	26	1	34	3X72527
95	36	1	24	3X72985
96	56	1	4	3X73082
97	21	1	39	3X73122
98	38	1	22	3X73124
99	49	1	11	3X73313
100	36	1	24	3X73419
101	15	1	45	3X73430
102	16	1	44	3X73881
103	15	1	45	3X74015
104	26	1	34	3X74016
105	53	1	7	3X74432
106	53	1	7	4X75581
107	42	1	18	4X75655
108	50	1	10	4X75945
109	17	1	43	4X76660
110	29	1	31	4X76766
111	53	1	7	4X76905
112	37	1	23	4X77071
113	27	1	33	4X77162
114	53	1	7	4X77537
115	54	1	6	4X77558
116	49	1	11	4X77636
117	44	1	16	4X77730
118	26	1	34	4X77983
119	39	1	21	4X78424
120	24	1	36	4X78567
121	46	1	14	4X78833
122	19	1	41	4X79652
123	50	1	10	4X79751
124	46	1	14	4X79960
125	55	1	5	4X80027
126	55	1	5	4X80447
127	37	1	23	4X80643
128	49	1	11	4X80720
129	27	1	33	4X80754
130	46	1	14	4X80773
131	57	1	3	4X80912
132	10	1	50	5X81938
133	10	1	50	5X82640
134	9	1	51	5X82903
135	11	1	49	5X86918
136	15	1	45	5X87524
137	20	1	40	5X88735
138	12	1	48	5X90202
139	11	1	49	5X90334
140	19	1	41	5X91699
141	11	1	49	5X92749
142	16	1	44	5X92908
143	9	1	51	5X93349
144	10	1	50	5X94888
145	11	1	49	5X95143
146	13	1	47	5X96283
147	11	1	49	5X96522
148	20	1	40	5X96548
149	9	1	51	5X97821
150	14	1	46	5X99159
151	6	1	54	5X101133
152	11	1	49	5X103534
153	20	1	40	5X104282
154	22	1	38	5X105082
155	6	1	54	5X106122
156	9	1	51	5X106266
157	17	1	43	5X109483
158	16	1	44	5X112851
159	22	1	38	5X114682
160	13	1	47	5X115189
161	7	1	53	5X115300
162	11	1	49	5X115635
163	8	1	52	5X116024
164	8	1	52	5X116442
165	17	1	43	5X119467
166	5	1	55	5X119672
167	9	1	51	5X120295
168	6	1	54	5X120741
169	20	1	40	5X120752
170	15	1	45	5X121586
171	10	1	50	5X121693
172	8	1	52	5X121877
173	14	1	46	5X126477
174	14	1	46	5X129348
175	12	1	48	5X129683
176	7	1	53	5X130275
177	17	1	43	5X130778
178	11	1	49	5X133515
179	8	1	52	5X133819
180	15	1	45	5X134832
181	6	1	54	5X135517
182	13	1	47	5X137960
183	7	1	53	5X138315
184	18	1	42	5X138656
185	36	1	24	6X140131
186	37	1	23	6X141044
187	37	1	23	6X145790
188	26	1	34	6X147588
189	27	1	33	6X149767
190	31	1	29	6X149784
191	39	1	21	6X153597
192	19	1	41	6X156852
193	31	1	29	6X160852
194	29	1	31	6X165226
195	38	1	22	6X165898
196	24	1	36	6X167122
197	35	1	25	6X176883
198	34	1	26	6X176886
199	34	1	26	6X177373
200	12	1	48	6X183519
201	30	1	30	6X185732
202	30	1	30	6X186157
203	40	1	20	6X186661
204	29	1	31	6X191589
205	37	1	23	6X198330
206	26	1	34	6X198344
207	28	1	32	6X198587
208	38	1	22	6X200630
209	27	1	33	6X201992
210	31	1	29	6X206165
211	30	1	30	6X215572
212	26	1	34	6X216374
213	36	1	24	6X216867
214	40	1	20	6X216983
215	34	1	26	6X217382
216	32	1	28	6X218788
217	29	1	31	6X222007
218	29	1	31	6X222278
219	29	1	31	6X228953
220	29	1	31	6X228964
221	39	1	21	6X229315
222	22	1	38	6X229400
223	30	1	30	6X230280
224	30	1	30	6X230285
225	23	1	37	6X235196
226	32	1	28	6X235681
227	33	1	27	6X235712
228	37	1	23	6X236262
229	25	1	35	6X237584
230	35	1	25	6X239743
231	36	1	24	6X240264
232	23	1	37	6X242543
233	28	1	32	6X244730
234	34	1	26	6X245634
235	19	1	41	6X246770
236	12	1	48	7X261510
237	27	1	33	7X270413
238	6	1	54	7X273586
239	20	1	40	7X275655
240	30	1	30	7X287983
241	32	1	28	7X294470
242	30	1	30	7X296912
243	29	1	31	7X299528
244	34	1	26	7X301645
245	20	1	40	7X311242
246	22	1	38	7X322324
247	4	1	56	7X331001
248	12	1	48	7X335316
249	11	1	49	7X339084
250	11	1	49	7X353330
251	11	1	49	7X366616
252	41	1	19	7X378786
253	27	1	33	7X379833
254	31	1	29	7X380137
255	7	1	53	7X396239
256	3	1	57	7X398465
257	6	1	54	7X405670
258	30	1	30	7X413002
259	8	1	52	7X419702
260	25	1	35	7X422066
261	5	1	55	7X437291
262	32	1	28	7X437295
263	9	1	51	7X447830
264	19	1	41	7X451643
265	13	1	47	7X452046
266	22	1	38	7X462526
267	26	1	34	7X471182
268	24	1	36	7X491006
269	16	1	44	7X493460
270	5	1	55	7X498216
271	3	1	57	7X498236
272	18	1	42	7X498665
273	5	1	55	7X502181
274	33	1	27	7X515937
275	6	1	54	7X517036
276	30	1	30	7X521236
277	17	1	43	7X522398
278	27	1	33	7X524100
279	9	1	51	7X526298
280	26	1	34	7X533653
281	21	1	39	7X533847
282	32	1	28	7X562233
283	18	1	42	7X568907
284	31	1	29	7X572981
285	13	1	47	7X575672
286	25	1	35	7X580665
287	5	1	55	7X584832
288	23	1	37	7X587856
289	30	1	30	7X592431
290	30	1	30	7X595283
291	3	1	57	7X605178
292	30	1	30	7X615772
293	13	1	47	7X660749
294	5	1	55	7X665517
295	30	1	30	7X671319
296	14	1	46	7X678649
297	22	1	38	7X680285
298	13	1	47	7X682208
299	22	1	38	7X686437
300	29	1	31	7X695286
301	31	1	29	7X702147
302	36	1	24	7X708326
303	26	1	34	7X710854
304	18	1	42	7X715637
305	23	1	37	7X717554
306	27	1	33	7X748244
307	4	1	56	7X756200
308	32	1	28	7X757115
309	18	1	42	7X764152
310	16	1	44	7X764802
311	17	1	43	7X771323
312	6	1	54	7X782200
313	7	1	53	7X783956
314	3	1	57	7X798819
315	4	1	56	7X803322
316	23	1	37	7X806241
317	7	1	53	7X809438
318	30	1	30	7X813441
319	33	1	27	7X822553
320	30	1	30	7X822995
321	18	1	42	7X827598
322	21	1	39	7X830435
323	4	1	56	7X837338
324	6	1	54	7X837355
325	3	1	57	7X837356
326	19	1	41	7X840613
327	18	1	42	7X848183
328	13	1	47	7X848187
329	24	1	36	7X863368
330	33	1	27	7X875348
331	27	1	33	7X885786
332	5	1	55	7X888755
333	30	1	30	7X896231
334	28	1	32	7X915885
335	18	1	42	7X920538
336	2	1	58	7X922215
337	20	1	40	7X928353
338	14	1	46	7X936355
339	20	1	40	7X941892
340	6	1	54	7X943759
341	3	1	57	7X944854
342	33	1	27	7X947637
343	11	1	49	7X948296
344	37	1	23	7X951543
345	12	1	48	8X953207
346	24	1	36	8X953242
347	13	1	47	8X954626
348	21	1	39	8X954665
349	10	1	50	8X955816
350	22	1	38	8X955921
351	22	1	38	8X955989
352	8	1	52	8X956369
353	15	1	45	8X957004
354	8	1	52	8X958231
355	9	1	51	8X958540
356	24	1	36	8X958712
357	23	1	37	8X959371
358	27	1	33	8X959771
359	17	1	43	8X960261
360	20	1	40	8X960373
361	22	1	38	8X960784
362	22	1	38	8X961308
363	6	1	54	8X961672
364	7	1	53	8X963162
365	23	1	37	8X964637
366	29	1	31	8X965828
367	22	1	38	8X966786
368	15	1	45	8X968439
369	28	1	32	8X968975
370	22	1	38	8X970140
371	23	1	37	8X971736
372	14	1	46	8X974789
373	5	1	55	8X975090
374	24	1	36	8X975522
375	16	1	44	8X975662
376	16	1	44	8X980475
377	24	1	36	8X980727
378	23	1	37	8X985812
379	13	1	47	8X986548
380	23	1	37	8X987080
381	21	1	39	8X988498
382	5	1	55	8X989005
383	21	1	39	8X990173
384	20	1	40	8X990777
385	28	1	32	8X991105
386	18	1	42	8X992528
387	10	1	50	8X992830
388	20	1	40	8X996021
389	20	1	40	8X997651
390	24	1	36	8X997690
391	24	1	36	8X998611
392	5	1	55	8X999501
393	8	1	52	8X999502
394	24	1	36	8X999548
395	29	1	31	8X1001123
396	11	1	49	8X1001253
397	21	1	39	8X1001396
398	21	1	39	8X1001677
399	6	1	54	8X1007978
400	7	1	53	8X1008177
401	28	1	32	8X1010009
402	22	1	38	8X1012023
403	29	1	31	8X1012452
404	23	1	37	8X1013408
405	22	1	38	8X1015889
406	17	1	43	8X1019335
407	12	1	48	8X1020369
408	3	1	57	8X1020432
409	24	1	36	8X1020914
410	11	1	49	8X1022033
411	21	1	39	8X1023807
412	23	1	37	8X1024058
413	29	1	31	8X1025111
414	9	1	51	8X1025773
415	13	1	47	8X1026342
416	27	1	33	8X1026446
417	24	1	36	8X1029627
418	29	1	31	8X1029989
419	23	1	37	8X1030368
420	8	1	52	8X1034098
421	6	1	54	8X1039785
422	28	1	32	8X1039882
423	5	1	55	8X1044518
424	10	1	50	8X1044550
425	23	1	37	8X1045134
426	29	1	31	8X1047355
427	12	1	48	8X1047901
428	16	1	44	8X1050458
429	25	1	35	8X1050817
430	23	1	37	8X1050823
431	8	1	52	8X1051594
432	21	1	39	8X1053885
433	8	1	52	8X1055386
434	10	1	50	8X1055512
435	17	1	43	8X1055852
436	21	1	39	8X1066172
437	21	1	39	8X1081426
438	27	1	33	8X1084430
439	9	1	51	8X1086380
440	8	1	52	9X1092015
441	22	1	38	9X1102982
442	19	1	41	9X1121248
443	26	1	34	9X1140550
444	25	1	35	9X1147319
445	11	1	49	9X1158187
446	11	1	49	9X1159959
447	8	1	52	9X1169235
448	25	1	35	9X1170078
449	21	1	39	9X1175034
450	9	1	51	9X1181939
451	21	1	39	9X1194837
452	16	1	44	9X1195841
453	18	1	42	9X1197552
454	25	1	35	9X1213515
455	24	1	36	9X1230140
456	17	1	43	9X1236398
457	10	1	50	9X1239648
458	9	1	51	9X1240632
459	25	1	35	9X1241185
460	22	1	38	9X1258737
461	24	1	36	9X1259155
462	11	1	49	9X1263482
463	25	1	35	9X1264511
464	24	1	36	9X1266089
465	23	1	37	9X1267001
466	16	1	44	9X1267298
467	18	1	42	9X1267749
468	14	1	46	9X1283547
469	18	1	42	9X1286435
470	11	1	49	9X1286477
471	24	1	36	9X1291636
472	25	1	35	9X1293103
473	22	1	38	9X1293338
474	5	1	55	9X1301957
475	9	1	51	9X1309428
476	25	1	35	9X1309898
477	25	1	35	9X1309904
478	20	1	40	9X1329014
479	25	1	35	9X1335810
480	24	1	36	9X1344310
481	24	1	36	9X1350404
482	24	1	36	9X1354590
483	14	1	46	9X1354592
484	24	1	36	9X1360670
485	11	1	49	9X1360754
486	25	1	35	9X1382789
487	15	1	45	9X1392232
488	24	1	36	9X1396288
489	24	1	36	9X1396290
490	11	1	49	9X1397660
491	9	1	51	9X1414780
492	6	1	54	9X1422096
493	20	1	40	9X1427566
494	14	1	46	9X1434277
495	25	1	35	9X1435391
496	8	1	52	9X1441875
497	10	1	50	9X1441876
498	7	1	53	9X1443981
499	23	1	37	9X1453322
500	19	1	41	9X1466001
501	24	1	36	9X1480487
502	25	1	35	9X1493714
503	8	1	52	9X1504908
504	22	1	38	9X1510066
505	25	1	35	9X1524718
506	12	1	48	9X1525841
507	23	1	37	9X1538228
508	10	1	50	9X1540456
509	9	1	51	9X1547606
510	22	1	38	9X1559474
511	18	1	42	9X1572922
512	6	1	54	9X1576841
513	10	1	50	9X1577118
514	25	1	35	9X1578882
515	18	1	42	9X1587098
516	19	1	41	9X1587105
517	21	1	39	9X1597281
518	20	1	40	9X1598914
519	23	1	37	9X1603439
520	17	1	43	9X1618850
521	24	1	36	9X1621409
522	11	1	49	9X1628266
523	14	1	46	9X1643917
524	24	1	36	9X1646726
525	25	1	35	9X1656381
526	15	1	45	9X1657424
527	25	1	35	9X1669203
528	25	1	35	9X1672791
529	18	1	42	9X1673377
530	22	1	38	9X1679608
531	10	1	50	9X1693227
532	19	1	41	9X1696122
533	25	1	35	9X1700072
534	7	1	53	9X1712432
535	25	1	35	9X1735800
536	11	1	49	9X1737844
537	24	1	36	9X1741147
538	23	1	37	9X1741148
539	12	1	48	9X1762234
540	25	1	35	9X1766159
541	20	1	40	9X1769979
542	21	1	39	9X1770004
543	25	1	35	9X1778754
544	26	1	34	9X1798815
545	25	1	35	10X1799201
546	21	1	39	10X1801902
547	14	1	46	10X1802001
548	24	1	36	10X1802270
549	21	1	39	10X1802508
550	23	1	37	10X1803976
551	27	1	33	10X1805150
552	22	1	38	10X1805919
553	6	1	54	10X1807981
554	8	1	52	10X1808133
555	21	1	39	10X1810087
556	21	1	39	10X1810134
557	24	1	36	10X1810242
558	24	1	36	10X1810748
559	13	1	47	10X1810823
560	18	1	42	10X1811341
561	22	1	38	10X1812940
562	20	1	40	10X1813640
563	23	1	37	10X1815180
564	7	1	53	10X1815453
565	25	1	35	10X1817486
566	17	1	43	10X1819078
567	25	1	35	10X1822226
568	22	1	38	10X1822395
569	24	1	36	10X1822630
570	17	1	43	10X1823049
571	8	1	52	10X1825124
572	23	1	37	10X1825257
573	6	1	54	10X1826877
574	8	1	52	10X1827577
575	15	1	45	10X1828562
576	14	1	46	10X1830106
577	27	1	33	10X1831520
578	16	1	44	10X1831547
579	24	1	36	10X1833427
580	22	1	38	10X1834532
581	24	1	36	10X1835627
582	17	1	43	10X1836239
583	16	1	44	10X1836688
584	19	1	41	10X1838240
585	25	1	35	10X1838571
586	11	1	49	10X1839489
587	27	1	33	10X1839654
588	11	1	49	10X1842597
589	21	1	39	10X1843387
590	23	1	37	10X1845560
591	21	1	39	10X1846082
592	25	1	35	10X1846861
593	16	1	44	10X1847758
594	7	1	53	10X1848846
595	23	1	37	10X1849000
596	10	1	50	10X1849699
597	8	1	52	10X1850506
598	24	1	36	10X1851031
599	16	1	44	10X1851598
600	15	1	45	10X1852896
601	22	1	38	10X1853424
602	14	1	46	10X1855974
603	13	1	47	10X1856501
604	19	1	41	10X1857044
605	4	1	56	10X1857372
606	25	1	35	10X1857892
607	11	1	49	10X1859558
608	10	1	50	10X1860518
609	17	1	43	10X1863752
610	10	1	50	10X1863866
611	17	1	43	11X1864963
612	20	1	40	11X1866044
613	26	1	34	11X1866478
614	24	1	36	11X1866555
615	18	1	42	11X1867637
616	25	1	35	11X1868124
617	9	1	51	11X1870918
618	20	1	40	11X1872194
619	18	1	42	11X1872784
620	21	1	39	11X1872893
621	25	1	35	11X1873464
622	25	1	35	11X1874342
623	24	1	36	11X1875783
624	7	1	53	11X1875847
625	26	1	34	11X1876123
626	25	1	35	11X1877120
627	12	1	48	11X1877173
628	26	1	34	11X1877942
629	25	1	35	11X1878029
630	19	1	41	11X1878359
631	24	1	36	11X1878734
632	22	1	38	11X1878969
633	23	1	37	11X1879036
634	8	1	52	11X1879293
635	25	1	35	11X1879541
636	22	1	38	11X1879690
637	24	1	36	11X1880744
638	25	1	35	11X1881582
639	24	1	36	11X1882539
640	11	1	49	11X1882788
641	11	1	49	11X1883618
642	23	1	37	11X1883677
643	24	1	36	11X1884066
644	25	1	35	11X1884173
645	22	1	38	11X1884702
646	25	1	35	11X1884829
647	25	1	35	11X1885369
648	23	1	37	11X1886033
649	24	1	36	11X1886445
650	26	1	34	11X1887341
651	23	1	37	11X1887417
652	8	1	52	11X1887685
653	11	1	49	11X1887806
654	20	1	40	11X1888592
655	10	1	50	11X1890153
656	26	1	34	11X1890724
657	25	1	35	11X1891921
658	24	1	36	11X1892782
659	26	1	34	11X1892810
660	24	1	36	11X1893073
661	20	1	40	11X1893133
662	25	1	35	11X1893835
663	15	1	45	11X1894235
664	17	1	43	11X1894297
665	11	1	49	11X1894937
666	17	1	43	11X1896144
667	25	1	35	11X1896314
668	22	1	38	11X1897011
669	21	1	39	11X1897615
670	22	1	38	11X1898575
671	24	1	36	12X1901810
672	21	1	39	12X1902028
673	11	1	49	12X1902625
674	10	1	50	12X1902853
675	6	1	54	12X1903503
676	23	1	37	12X1903865
677	19	1	41	12X1904171
678	10	1	50	12X1905724
679	22	1	38	12X1906012
680	19	1	41	12X1906571
681	13	1	47	12X1907041
682	26	1	34	12X1908323
683	9	1	51	12X1908439
684	24	1	36	12X1908445
685	14	1	46	12X1910028
686	24	1	36	12X1910193
687	23	1	37	12X1912294
688	12	1	48	12X1912455
689	8	1	52	12X1913570
690	22	1	38	12X1916284
691	11	1	49	12X1916748
692	10	1	50	12X1919371
693	5	1	55	12X1920300
694	25	1	35	12X1921118
695	21	1	39	12X1923094
696	6	1	54	12X1923521
697	15	1	45	12X1927141
698	22	1	38	12X1930065
699	21	1	39	12X1930283
700	4	1	56	12X1930763
701	16	1	44	12X1931504
702	20	1	40	12X1932537
703	5	1	55	12X1932667
704	22	1	38	12X1933433
705	22	1	38	12X1936317
706	5	1	55	12X1937318
707	22	1	38	12X1937369
708	7	1	53	12X1937576
709	17	1	43	12X1940458
710	20	1	40	12X1940635
711	26	1	34	12X1940947
712	17	1	43	12X1945954
713	16	1	44	12X1946252
714	8	1	52	12X1946535
715	15	1	45	12X1947608
716	24	1	36	12X1949074
717	8	1	52	12X1949141
718	8	1	52	12X1949367
719	20	1	40	12X1950005
720	22	1	38	12X1950075
721	4	1	56	12X1950140
722	26	1	34	12X1951192
723	18	1	42	12X1951430
724	17	1	43	12X1952965
725	18	1	42	12X1953308
726	20	1	40	12X1954274
727	6	1	54	12X1954518
728	6	1	54	12X1954968
729	7	1	53	12X1955362
730	25	1	35	12X1955836
731	10	1	50	12X1956509
732	17	1	43	12X1956868
733	24	1	36	12X1958531
734	17	1	43	12X1958599
735	23	1	37	12X1958700
736	9	1	51	12X1958992
737	11	1	49	12X1959586
738	22	1	38	12X1959853
739	12	1	48	13X1964375
740	7	1	53	13X1964851
741	6	1	54	13X1968414
742	7	1	53	13X1984333
743	9	1	51	13X2000902
744	11	1	49	13X2018366
745	7	1	53	13X2021932
746	11	1	49	13X2031449
747	8	1	52	13X2034863
748	7	1	53	13X2043712
749	10	1	50	13X2044326
750	9	1	51	13X2045624
751	9	1	51	13X2052719
752	8	1	52	13X2054088
753	7	1	53	13X2054459
754	10	1	50	13X2065407
755	10	1	50	13X2065560
756	8	1	52	13X2066819
757	9	1	51	13X2085727
758	8	1	52	13X2096842
759	9	1	51	13X2096969
760	5	1	55	13X2097095
761	7	1	53	13X2118785
762	11	1	49	13X2120322
763	10	1	50	13X2122401
764	8	1	52	13X2137085
765	8	1	52	13X2143902
766	11	1	49	13X2152275
767	5	1	55	13X2167149
768	10	1	50	13X2169191
769	10	1	50	13X2181406
770	9	1	51	13X2184414
771	5	1	55	13X2188983
772	11	1	49	13X2194279
773	11	1	49	13X2198477
774	8	1	52	13X2199959
775	10	1	50	13X2212704
776	11	1	49	13X2212940
777	11	1	49	13X2215341
778	9	1	51	13X2232909
779	30	1	30	14X2236234
780	34	1	26	14X2246910
781	27	1	33	14X2255297
782	17	1	43	14X2267932
783	19	1	41	14X2287441
784	27	1	33	14X2299143
785	5	1	55	14X2300803
786	25	1	35	14X2323130
787	35	1	25	14X2325121
788	35	1	25	14X2330776
789	29	1	31	14X2331340
790	28	1	32	14X2338124
791	33	1	27	14X2344113
792	27	1	33	14X2344129
793	35	1	25	14X2347738
794	34	1	26	14X2354154
795	22	1	38	14X2356739
796	31	1	29	14X2362836
797	23	1	37	14X2365173
798	12	1	48	14X2365925
799	14	1	46	14X2366269
800	27	1	33	14X2428206
801	25	1	35	14X2431359
802	24	1	36	14X2437552
803	6	1	54	14X2443505
804	33	1	27	14X2444870
805	29	1	31	14X2449474
806	14	1	46	14X2453514
807	33	1	27	14X2456298
808	19	1	41	14X2470718
809	30	1	30	14X2477227
810	30	1	30	14X2493355
811	19	1	41	14X2494411
812	29	1	31	14X2519810
813	34	1	26	14X2523684
814	29	1	31	14X2524147
815	22	1	38	14X2546817
816	20	1	40	14X2557606
817	10	1	50	14X2595330
818	28	1	32	14X2607368
819	29	1	31	14X2617819
820	21	1	39	14X2619940
821	17	1	43	14X2649380
822	33	1	27	14X2667775
823	14	1	46	14X2676541
824	26	1	34	14X2682772
825	26	1	34	14X2705535
826	15	1	45	14X2724525
827	23	1	37	14X2724952
828	16	1	44	14X2732146
829	9	1	51	14X2732148
830	33	1	27	14X2755761
831	5	1	55	14X2768750
832	25	1	35	14X2773899
833	10	1	50	14X2787329
834	13	1	47	14X2798832
835	32	1	28	14X2830124
836	24	1	36	14X2853283
837	30	1	30	14X2856957
838	23	1	37	14X2857662
839	13	1	47	14X2869176
840	15	1	45	14X2872293
841	21	1	39	14X2890074
842	19	1	41	14X2890568
843	33	1	27	14X2902989
844	6	1	54	14X2933905
845	21	1	39	14X2935830
846	29	1	31	14X2938723
847	35	1	25	14X2964607
848	16	1	44	14X2994686
849	36	1	24	14X2994846
850	24	1	36	14X3002745
851	23	1	37	14X3035058
852	12	1	48	14X3037821
853	17	1	43	14X3042718
854	22	1	38	14X3055102
855	28	1	32	14X3060516
856	32	1	28	14X3075512
857	30	1	30	14X3086582
858	32	1	28	14X3092235
859	28	1	32	14X3095532
860	29	1	31	14X3095541
861	17	1	43	14X3141748
862	30	1	30	14X3150217
863	32	1	28	14X3181215
864	17	1	43	14X3234568
865	17	1	43	14X3238345
866	31	1	29	14X3241100
867	29	1	31	14X3282919
868	29	1	31	14X3283989
869	5	1	55	14X3284397
870	35	1	25	14X3285827
871	12	1	48	14X3289426
872	29	1	31	14X3293319
873	19	1	41	14X3299090
874	31	1	29	14X3304237
875	21	1	39	14X3304239
876	35	1	25	14X3315061
877	19	1	41	14X3318421
878	26	1	34	14X3318956
879	24	1	36	14X3328379
880	27	1	33	14X3328381
881	27	1	33	14X3337776
882	35	1	25	14X3343462
883	24	1	36	14X3353393
884	13	1	47	14X3357785
885	28	1	32	14X3358164
886	28	1	32	14X3369332
887	13	1	47	14X3370715
888	25	1	35	14X3373171
889	33	1	27	14X3377308
890	22	1	38	14X3407327
891	34	1	26	14X3432623
892	34	1	26	14X3432625
893	15	1	45	14X3440151
894	7	1	53	14X3446363
895	29	1	31	14X3449860
896	20	1	40	14X3478427
897	18	1	42	14X3479399
898	8	1	52	14X3482675
899	10	1	50	14X3496658
900	31	1	29	14X3498232
901	20	1	40	14X3506545
902	11	1	49	14X3529805
903	30	1	30	14X3537653
904	30	1	30	14X3560889
905	8	1	52	14X3562578
906	25	1	35	14X3568842
907	28	1	32	14X3569846
908	18	1	42	14X3580562
909	29	1	31	14X3606614
910	34	1	26	14X3613332
911	5	1	55	14X3615427
912	10	1	50	14X3619899
913	24	1	36	14X3621152
914	32	1	28	14X3624614
915	16	1	44	14X3625601
916	33	1	27	14X3625603
917	22	1	38	14X3657330
918	30	1	30	14X3680713
919	30	1	30	14X3696747
920	14	1	46	14X3752495
921	29	1	31	14X3762203
922	25	1	35	14X3767593
923	7	1	53	14X3768250
924	22	1	38	14X3768866
925	29	1	31	14X3773077
926	11	1	49	14X3776933
927	29	1	31	14X3790024
928	25	1	35	14X3799213
929	25	1	35	14X3807713
930	17	1	43	14X3856609
931	26	1	34	14X3857144
932	24	1	36	14X3864751
933	15	1	45	14X3866587
934	25	1	35	14X3869587
935	32	1	28	14X3876905
936	28	1	32	14X3906628
937	28	1	32	14X3910796
938	29	1	31	14X3921958
939	18	1	42	14X3941769
940	14	1	46	14X3964237
941	7	1	53	14X3964239
942	25	1	35	14X3971703
943	29	1	31	14X4008871
944	31	1	29	14X4026673
945	29	1	31	14X4096539
946	16	1	44	14X4100806
947	10	1	50	14X4104353
948	10	1	50	14X4104499
949	12	1	48	14X4133277
950	31	1	29	14X4134642
951	23	1	37	14X4136342
952	32	1	28	14X4145476
953	23	1	37	14X4161880
954	28	1	32	14X4164306
955	6	1	54	14X4184214
956	30	1	30	14X4185347
957	11	1	49	14X4226987
958	17	1	43	14X4240438
959	24	1	36	14X4256940
960	27	1	33	14X4285113
961	11	1	49	14X4303154
962	22	1	38	14X4303155
963	28	1	32	14X4305999
964	34	1	26	14X4312133
965	33	1	27	14X4316637
966	21	1	39	14X4319441
967	28	1	32	14X4328351
968	28	1	32	14X4328353
969	28	1	32	15X4329984
970	57	1	3	15X4330106
971	57	1	3	15X4332943
972	23	1	37	15X4334159
973	40	1	20	15X4335163
974	51	1	9	15X4336096
975	38	1	22	15X4336098
976	41	1	19	15X4337906
977	56	1	4	15X4340681
978	44	1	16	15X4341047
979	43	1	17	15X4341977
980	51	1	9	15X4342118
981	43	1	17	15X4342154
982	28	1	32	15X4342520
983	43	1	17	15X4342562
984	55	1	5	15X4345803
985	53	1	7	15X4346053
986	55	1	5	15X4349896
987	8	1	52	16X4351109
988	7	1	53	16X4352014
989	14	1	46	16X4352668
990	16	1	44	16X4353109
991	7	1	53	16X4353257
992	13	1	47	16X4353258
993	6	1	54	16X4354744
994	6	1	54	16X4355201
995	7	1	53	16X4355877
996	11	1	49	16X4357000
997	21	1	39	16X4360580
998	7	1	53	16X4360956
999	10	1	50	16X4362065
1000	7	1	53	16X4362662
1001	11	1	49	16X4365667
1002	15	1	45	16X4365901
1003	9	1	51	16X4366134
1004	12	1	48	16X4366643
1005	17	1	43	16X4367574
1006	10	1	50	16X4369647
1007	7	1	53	16X4370862
1008	14	1	46	16X4371055
1009	9	1	51	16X4371062
1010	8	1	52	16X4371077
1011	19	1	41	16X4371536
1012	10	1	50	16X4372561
1013	8	1	52	16X4372935
1014	35	1	25	16X4373991
1015	16	1	44	16X4374333
1016	22	1	38	16X4374725
1017	14	1	46	16X4376437
1018	20	1	40	16X4377640
1019	12	1	48	16X4378293
1020	13	1	47	16X4378375
1021	13	1	47	16X4378380
1022	12	1	48	16X4378786
1023	8	1	52	16X4380248
1024	13	1	47	17X4411561
1025	29	1	31	17X4413238
1026	28	1	32	17X4459720
1027	28	1	32	17X4459856
1028	28	1	32	17X4468805
1029	17	1	43	17X4490557
1030	24	1	36	17X4496413
1031	27	1	33	17X4500517
1032	14	1	46	17X4537461
1033	28	1	32	17X4568474
1034	28	1	32	17X4570943
1035	24	1	36	17X4573810
1036	13	1	47	17X4576893
1037	23	1	37	17X4579886
1038	30	1	30	17X4584742
1039	29	1	31	17X4610016
1040	26	1	34	17X4647764
1041	27	1	33	17X4658511
1042	18	1	42	17X4666057
1043	20	1	40	17X4670455
1044	26	1	34	17X4704463
1045	27	1	33	17X4710886
1046	28	1	32	17X4724710
1047	28	1	32	17X4724722
1048	27	1	33	17X4726836
1049	24	1	36	17X4733014
1050	26	1	34	17X4741147
1051	25	1	35	17X4771392
1052	28	1	32	17X4771624
1053	19	1	41	17X4773983
1054	22	1	38	17X4774215
1055	28	1	32	17X4788356
1056	12	1	48	17X4816558
1057	15	1	45	17X4827394
1058	23	1	37	17X4841464
1059	29	1	31	17X4864412
1060	28	1	32	17X4864507
1061	28	1	32	17X4864512
1062	26	1	34	17X4881508
1063	28	1	32	17X4890691
1064	27	1	33	17X4898056
1065	24	1	36	17X4905545
1066	9	1	51	17X4923163
1067	23	1	37	17X4924338
1068	17	1	43	17X4926149
1069	20	1	40	17X4926647
1070	23	1	37	17X4928358
1071	22	1	38	17X4941005
1072	17	1	43	17X4941845
1073	28	1	32	17X5004649
1074	10	1	50	17X5024694
1075	23	1	37	17X5044987
1076	27	1	33	17X5048521
1077	26	1	34	17X5053561
1078	14	1	46	17X5118999
1079	26	1	34	17X5135595
1080	23	1	37	17X5136150
1081	23	1	37	17X5157368
1082	28	1	32	17X5194914
1083	13	1	47	17X5203980
1084	25	1	35	17X5207569
1085	28	1	32	17X5210690
1086	28	1	32	17X5252130
1087	13	1	47	17X5278039
1088	29	1	31	17X5302373
1089	26	1	34	17X5309364
1090	28	1	32	17X5310021
1091	28	1	32	17X5310022
1092	8	1	52	17X5312425
1093	28	1	32	17X5377011
1094	22	1	38	17X5411824
1095	27	1	33	17X5463455
1096	22	1	38	17X5479382
1097	28	1	32	17X5489217
1098	24	1	36	17X5501905
1099	17	1	43	17X5518085
1100	5	1	55	17X5541484
1101	15	1	45	17X5544527
1102	28	1	32	17X5547806
1103	21	1	39	17X5618287
1104	18	1	42	17X5631441
1105	10	1	50	17X5653671
1106	15	1	45	17X5672041
1107	28	1	32	17X5674003
1108	27	1	33	17X5704969
1109	25	1	35	17X5708838
1110	25	1	35	17X5742476
1111	24	1	36	17X5765875
1112	28	1	32	17X5768260
1113	27	1	33	17X5770225
1114	11	1	49	17X5772908
1115	26	1	34	17X5777736
1116	28	1	32	17X5783298
1117	19	1	41	17X5801625
1118	25	1	35	17X5811379
1119	28	1	32	17X5815644
1120	26	1	34	17X5836759
1121	27	1	33	17X5840077
1122	22	1	38	17X5849233
1123	21	1	39	17X5850953
1124	28	1	32	17X5857967
1125	15	1	45	17X5881345
1126	26	1	34	17X5896784
1127	13	1	47	17X5938834
1128	27	1	33	17X5953401
1129	18	1	42	17X5978948
1130	22	1	38	17X5979515
1131	13	1	47	17X5979517
1132	28	1	32	17X5979773
1133	26	1	34	17X5986733
1134	24	1	36	17X6054163
1135	12	1	48	17X6054169
1136	25	1	35	17X6054471
1137	20	1	40	17X6054630
1138	12	1	48	17X6054838
1139	29	1	31	17X6065090
1140	28	1	32	17X6082949
1141	21	1	39	17X6093986
1142	10	1	50	17X6108541
1143	13	1	47	17X6112491
1144	9	1	51	17X6122264
1145	20	1	40	17X6137447
1146	26	1	34	17X6139297
1147	28	1	32	17X6142162
1148	27	1	33	17X6142911
1149	29	1	31	17X6154692
1150	11	1	49	17X6162099
1151	8	1	52	17X6185036
1152	28	1	32	17X6196501
1153	29	1	31	17X6247341
1154	26	1	34	17X6273699
1155	26	1	34	17X6274016
1156	29	1	31	17X6296567
1157	27	1	33	17X6302726
1158	25	1	35	17X6336712
1159	25	1	35	17X6362337
1160	28	1	32	17X6369740
1161	24	1	36	17X6371103
1162	27	1	33	17X6371445
1163	9	1	51	17X6409604
1164	30	1	30	17X6436667
1165	6	1	54	17X6436800
1166	9	1	51	17X6470632
1167	26	1	34	17X6525072
1168	27	1	33	17X6537882
1169	22	1	38	17X6584215
1170	12	1	48	17X6605293
1171	30	1	30	17X6619428
1172	20	1	40	17X6626568
1173	27	1	33	17X6666991
1174	26	1	34	17X6676269
1175	27	1	33	17X6699068
1176	28	1	32	17X6704942
1177	5	1	55	18X6714944
1178	14	1	46	18X6716033
1179	6	1	54	18X6716964
1180	15	1	45	18X6717151
1181	9	1	51	18X6717737
1182	11	1	49	18X6718212
1183	27	1	33	18X6718309
1184	11	1	49	18X6719078
1185	6	1	54	18X6719393
1186	8	1	52	18X6720607
1187	30	1	30	18X6720952
1188	11	1	49	18X6722333
1189	13	1	47	18X6722504
1190	24	1	36	18X6723053
1191	23	1	37	18X6723091
1192	6	1	54	18X6725387
1193	14	1	46	18X6727626
1194	18	1	42	18X6727815
1195	17	1	43	18X6729588
1196	28	1	32	18X6729824
1197	22	1	38	18X6729829
1198	8	1	52	18X6730542
1199	20	1	40	18X6730607
1200	31	1	29	18X6731883
1201	22	1	38	18X6731889
1202	17	1	43	18X6732454
1203	11	1	49	18X6733899
1204	12	1	48	18X6734163
1205	31	1	29	18X6734899
1206	6	1	54	18X6735186
1207	7	1	53	18X6735377
1208	17	1	43	18X6737173
1209	25	1	35	18X6737497
1210	12	1	48	18X6738433
1211	6	1	54	18X6738537
1212	19	1	41	18X6738809
1213	10	1	50	18X6740841
1214	41	1	19	19X6743285
1215	21	1	39	19X6743683
1216	10	1	50	19X6743716
1217	19	1	41	19X6743938
1218	28	1	32	19X6744192
1219	14	1	46	19X6744341
1220	11	1	49	19X6744402
1221	14	1	46	19X6744483
1222	20	1	40	19X6745044
1223	11	1	49	19X6745058
1224	24	1	36	19X6745401
1225	37	1	23	19X6746249
1226	37	1	23	19X6746395
1227	17	1	43	19X6748277
1228	26	1	34	19X6748294
1229	17	1	43	19X6748397
1230	42	1	18	19X6748741
1231	30	1	30	19X6749063
1232	20	1	40	19X6749660
1233	17	1	43	19X6749686
1234	16	1	44	19X6750760
1235	30	1	30	19X6751669
1236	34	1	26	19X6752383
1237	14	1	46	19X6752392
1238	17	1	43	19X6752577
1239	41	1	19	19X6752764
1240	29	1	31	19X6753224
1241	20	1	40	19X6753532
1242	25	1	35	20X6753867
1243	26	1	34	20X6754754
1244	29	1	31	20X6756417
1245	24	1	36	20X6759513
1246	19	1	41	20X6759889
1247	26	1	34	20X6760695
1248	28	1	32	20X6761676
1249	30	1	30	20X6762539
1250	11	1	49	20X6762645
1251	28	1	32	20X6764928
1252	18	1	42	20X6766196
1253	28	1	32	20X6770998
1254	28	1	32	20X6774284
1255	10	1	50	20X6776590
1256	12	1	48	20X6778617
1257	25	1	35	20X6779610
1258	12	1	48	20X6779973
1259	12	1	48	20X6785370
1260	30	1	30	20X6787618
1261	30	1	30	20X6789141
1262	30	1	30	20X6789146
1263	20	1	40	20X6790493
1264	23	1	37	20X6790677
1265	9	1	51	20X6792553
1266	28	1	32	20X6793037
1267	8	1	52	20X6795844
1268	27	1	33	20X6796314
1269	21	1	39	20X6796725
1270	22	1	38	20X6796978
1271	9	1	51	20X6801164
1272	20	1	40	20X6805031
1273	12	1	48	20X6805144
1274	18	1	42	20X6812233
1275	28	1	32	20X6813139
1276	16	1	44	20X6815191
1277	20	1	40	20X6818902
1278	15	1	45	20X6820102
1279	5	1	55	20X6820797
1280	17	1	43	20X6821281
1281	28	1	32	20X6822293
1282	19	1	41	20X6823255
1283	5	1	55	20X6825439
1284	26	1	34	20X6826644
1285	9	1	51	20X6827878
1286	26	1	34	20X6831644
1287	23	1	37	20X6831997
1288	6	1	54	20X6833505
1289	21	1	39	20X6834271
1290	11	1	49	20X6834982
1291	30	1	30	20X6838431
1292	30	1	30	20X6839128
1293	28	1	32	20X6842661
1294	27	1	33	20X6845941
1295	28	1	32	20X6846484
1296	22	1	38	20X6847879
1297	25	1	35	20X6850397
1298	5	1	55	20X6853257
1299	23	1	37	20X6853763
1300	21	1	39	20X6854985
1301	26	1	34	20X6856920
1302	7	1	53	20X6857363
1303	6	1	54	20X6857869
1304	27	1	33	20X6860206
1305	30	1	30	20X6860285
1306	28	1	32	20X6860286
1307	28	1	32	20X6860290
1308	25	1	35	20X6861066
1309	6	1	54	20X6862465
1310	15	1	45	20X6864216
1311	28	1	32	20X6867023
1312	18	1	42	20X6867207
1313	29	1	31	20X6868150
1314	4	1	56	20X6870382
1315	9	1	51	20X6870502
1316	14	1	46	20X6871073
1317	27	1	33	20X6876215
1318	7	1	53	20X6878260
1319	7	1	53	20X6881257
1320	28	1	32	20X6881996
1321	10	1	50	20X6883515
1322	23	1	37	20X6885005
1323	9	1	51	20X6889495
1324	10	1	50	20X6890029
1325	17	1	43	20X6890876
1326	27	1	33	20X6891931
1327	7	1	53	20X6892261
1328	7	1	53	20X6893603
1329	29	1	31	20X6894852
1330	29	1	31	20X6895895
1331	10	1	50	20X6899693
1332	21	1	39	20X6899793
1333	29	1	31	20X6903279
1334	27	1	33	20X6903381
1335	20	1	40	20X6904406
1336	27	1	33	20X6906578
1337	28	1	32	20X6908515
1338	13	1	47	20X6912736
1339	31	1	29	20X6914406
1340	23	1	37	20X6914809
1341	18	1	42	20X6916205
1342	12	1	48	20X6918135
1343	15	1	45	20X6918466
1344	25	1	35	20X6918479
1345	7	1	53	20X6918823
1346	26	1	34	20X6919137
1347	26	1	34	20X6920275
1348	6	1	54	20X6920884
1349	25	1	35	20X6921093
1350	26	1	34	20X6923236
1351	13	1	47	20X6923619
1352	8	1	52	20X6924429
1353	30	1	30	20X6925329
1354	27	1	33	20X6925727
1355	5	1	55	20X6926176
1356	19	1	41	20X6926254
1357	8	1	52	20X6928553
1358	23	1	37	20X6931282
1359	26	1	34	20X6933713
1360	28	1	32	20X6934406
1361	15	1	45	20X6934588
1362	29	1	31	21X6938212
1363	29	1	31	21X6943133
1364	30	1	30	21X6945502
1365	6	1	54	21X6946462
1366	20	1	40	21X6951938
1367	7	1	53	21X6952496
1368	9	1	51	21X6965953
1369	12	1	48	21X6977821
1370	21	1	39	21X6985734
1371	29	1	31	21X6994827
1372	13	1	47	21X6996193
1373	21	1	39	21X7019772
1374	29	1	31	21X7020156
1375	10	1	50	21X7054833
1376	25	1	35	21X7056639
1377	22	1	38	21X7062834
1378	15	1	45	21X7068592
1379	29	1	31	21X7069440
1380	20	1	40	21X7081323
1381	24	1	36	21X7087125
1382	31	1	29	21X7089737
1383	32	1	28	21X7089742
1384	15	1	45	21X7091666
1385	5	1	55	21X7095050
1386	11	1	49	21X7102675
1387	8	1	52	21X7122688
1388	13	1	47	21X7126592
1389	16	1	44	21X7137596
1390	25	1	35	21X7154352
1391	17	1	43	21X7156533
1392	30	1	30	21X7163211
1393	27	1	33	21X7166381
1394	28	1	32	21X7172613
1395	23	1	37	21X7176248
1396	11	1	49	21X7179272
1397	28	1	32	21X7186334
1398	21	1	39	21X7186758
1399	12	1	48	21X7189101
1400	11	1	49	21X7193594
1401	29	1	31	21X7193961
1402	28	1	32	21X7198893
1403	28	1	32	21X7207221
1404	9	1	51	21X7212160
1405	29	1	31	21X7214310
1406	30	1	30	21X7219314
1407	27	1	33	21X7227975
1408	15	1	45	21X7231461
1409	28	1	32	21X7237108
1410	10	1	50	21X7244930
1411	20	1	40	21X7245528
1412	31	1	29	21X7261774
1413	17	1	43	21X7264958
1414	26	1	34	21X7269598
1415	25	1	35	21X7279867
1416	27	1	33	21X7298212
1417	21	1	39	21X7318761
1418	12	1	48	21X7332953
1419	29	1	31	21X7344296
1420	29	1	31	21X7350569
1421	28	1	32	21X7351936
1422	25	1	35	21X7358063
1423	17	1	43	21X7362434
1424	25	1	35	21X7368386
1425	24	1	36	21X7373163
1426	21	1	39	21X7374722
1427	29	1	31	21X7389104
1428	11	1	49	21X7394809
1429	3	1	57	21X7396919
1430	27	1	33	21X7399453
1431	22	1	38	21X7412521
1432	31	1	29	21X7416814
1433	29	1	31	21X7417880
1434	29	1	31	21X7425752
1435	5	1	55	21X7425760
1436	31	1	29	21X7427571
1437	25	1	35	21X7429525
1438	9	1	51	21X7429664
1439	24	1	36	21X7432176
1440	23	1	37	21X7435262
1441	15	1	45	21X7449175
1442	26	1	34	21X7450571
1443	11	1	49	21X7454388
1444	25	1	35	21X7466816
1445	15	1	45	21X7471368
1446	22	1	38	21X7473950
1447	8	1	52	21X7474579
1448	30	1	30	21X7481048
1449	24	1	36	21X7484258
1450	13	1	47	21X7498286
1451	10	1	50	21X7498609
1452	30	1	30	21X7498824
1453	23	1	37	21X7510364
1454	26	1	34	21X7515365
1455	20	1	40	21X7517552
1456	23	1	37	21X7520110
1457	23	1	37	21X7527206
1458	18	1	42	21X7529987
1459	25	1	35	21X7530525
1460	30	1	30	21X7531270
1461	29	1	31	21X7534667
1462	24	1	36	21X7549648
1463	27	1	33	21X7565166
1464	29	1	31	21X7573267
1465	14	1	46	21X7575076
1466	27	1	33	21X7576682
1467	30	1	30	21X7587396
1468	10	1	50	21X7595642
1469	27	1	33	21X7595670
1470	31	1	29	21X7597284
1471	28	1	32	21X7597286
1472	16	1	44	21X7603509
1473	9	1	51	21X7620888
1474	25	1	35	21X7626952
1475	19	1	41	21X7634608
1476	27	1	33	21X7635204
1477	19	1	41	22X7636309
1478	7	1	53	22X7636432
1479	27	1	33	22X7636460
1480	26	1	34	22X7639427
1481	26	1	34	22X7642492
1482	15	1	45	22X7651889
1483	23	1	37	22X7653626
1484	10	1	50	22X7654126
1485	20	1	40	22X7657690
1486	26	1	34	22X7659529
1487	7	1	53	22X7659753
1488	25	1	35	22X7670061
1489	24	1	36	22X7677617
1490	26	1	34	22X7678702
1491	17	1	43	22X7685910
1492	14	1	46	22X7691137
1493	16	1	44	22X7691148
1494	26	1	34	22X7697069
1495	24	1	36	22X7698018
1496	6	1	54	22X7702852
1497	23	1	37	22X7707960
1498	14	1	46	22X7708331
1499	24	1	36	22X7717198
1500	11	1	49	22X7717808
1501	13	1	47	22X7717935
1502	25	1	35	22X7720191
1503	17	1	43	22X7723599
1504	18	1	42	22X7724042
1505	7	1	53	22X7725880
1506	27	1	33	22X7725881
1507	13	1	47	22X7728955
1508	12	1	48	22X7730702
1509	23	1	37	22X7732811
1510	26	1	34	22X7740352
1511	16	1	44	22X7749481
1512	14	1	46	22X7760755
1513	22	1	38	22X7760771
1514	25	1	35	22X7762358
1515	23	1	37	22X7779003
1516	10	1	50	22X7779232
1517	13	1	47	22X7782203
1518	5	1	55	22X7782691
1519	25	1	35	22X7783621
1520	14	1	46	22X7792064
1521	10	1	50	22X7800311
1522	26	1	34	22X7801163
1523	6	1	54	22X7801668
1524	26	1	34	22X7809877
1525	26	1	34	22X7809885
1526	24	1	36	22X7810612
1527	9	1	51	22X7816628
1528	7	1	53	22X7819251
1529	9	1	51	22X7824450
1530	10	1	50	22X7827334
1531	20	1	40	22X7833233
1532	23	1	37	22X7837141
1533	8	1	52	22X7839394
1534	11	1	49	22X7849695
1535	23	1	37	22X7850531
1536	10	1	50	22X7855908
1537	10	1	50	22X7855909
1538	10	1	50	22X7855913
1539	11	1	49	22X7861430
1540	18	1	42	22X7863301
1541	25	1	35	22X7875984
1542	26	1	34	22X7877133
1543	24	1	36	22X7877137
1544	16	1	44	22X7878886
1545	16	1	44	22X7878912
1546	24	1	36	22X7901178
1547	24	1	36	22X7901192
1548	20	1	40	22X7901296
1549	19	1	41	22X7901318
1550	26	1	34	22X7901328
1551	26	1	34	22X7909790
1552	25	1	35	22X7911935
1553	24	1	36	22X7912118
1554	24	1	36	22X7917693
1555	12	1	48	22X7918189
1556	24	1	36	22X7918440
1557	25	1	35	22X7922583
1558	13	1	47	22X7922825
1559	10	1	50	22X7932006
1560	6	1	54	22X7937271
1561	24	1	36	22X7939084
1562	12	1	48	22X7939542
1563	26	1	34	22X7940920
1564	16	1	44	22X7949986
1565	10	1	50	22X7950353
1566	26	1	34	22X7957137
1567	15	1	45	22X7961891
1568	20	1	40	22X7966712
1569	24	1	36	22X7968204
1570	22	1	38	22X7971349
1571	13	1	47	22X7976326
1572	14	1	46	22X7977695
1573	25	1	35	22X7980518
1574	26	1	34	22X8002337
1575	14	1	46	22X8004763
1576	8	1	52	22X8006920
1577	6	1	54	22X8016154
1578	14	1	46	22X8018237
1579	19	1	41	22X8020026
1580	26	1	34	22X8023482
1581	21	1	39	22X8026719
1582	14	1	46	22X8029095
1583	22	1	38	22X8048339
1584	24	1	36	22X8048855
1585	13	1	47	22X8049844
1586	26	1	34	22X8057529
1587	26	1	34	22X8057531
1588	18	1	42	22X8065030
1589	18	1	42	22X8066673
1590	28	1	32	24X8268430
1591	15	1	45	24X8269680
1592	28	1	32	24X8269702
1593	31	1	29	24X8269875
1594	14	1	46	24X8271253
1595	35	1	25	24X8272394
1596	32	1	28	24X8272492
1597	30	1	30	24X8272540
1598	20	1	40	24X8273986
1599	11	1	49	24X8274301
1600	10	1	50	24X8275197
1601	13	1	47	24X8277831
1602	21	1	39	24X8279293
1603	37	1	23	24X8279552
1604	40	1	20	24X8281638
1605	28	1	32	24X8284620
1606	21	1	39	25X8285219
1607	22	1	38	25X8285692
1608	20	1	40	25X8285821
1609	35	1	25	25X8285885
1610	7	1	53	25X8286015
1611	31	1	29	25X8286025
1612	10	1	50	25X8286108
1613	31	1	29	25X8286299
1614	22	1	38	25X8287669
1615	5	1	55	25X8288610
1616	7	1	53	25X8288937
1617	11	1	49	25X8289486
1618	18	1	42	25X8290028
1619	15	1	45	25X8290122
1620	35	1	25	25X8290642
1621	21	1	39	25X8290924
1622	24	1	36	25X8291270
1623	20	1	40	25X8292052
1624	6	1	54	25X8292120
1625	28	1	32	25X8292150
1626	8	1	52	25X8292324
1627	13	1	47	25X8293026
1628	19	1	41	25X8293929
1629	15	1	45	25X8294305
1630	41	1	19	25X8294443
1631	24	1	36	25X8295662
1632	16	1	44	25X8295967
1633	11	1	49	25X8296167
1634	9	1	51	25X8296169
1635	13	1	47	25X8296241
1636	9	1	51	25X8296259
1637	6	1	54	25X8297116
1638	12	1	48	25X8297278
1639	14	1	46	25X8298466
1640	11	1	49	26X8314695
1641	5	1	55	26X8314717
1642	6	1	54	26X8322292
1643	18	1	42	26X8330604
1644	7	1	53	26X8339107
1645	18	1	42	26X8339590
1646	17	1	43	26X8362227
1647	17	1	43	26X8378947
1648	10	1	50	26X8387560
1649	16	1	44	26X8387675
1650	7	1	53	26X8391936
1651	12	1	48	26X8420688
1652	14	1	46	26X8424224
1653	13	1	47	26X8450871
1654	9	1	51	26X8451549
1655	18	1	42	26X8454061
1656	7	1	53	26X8457318
1657	14	1	46	26X8483486
1658	17	1	43	26X8483487
1659	17	1	43	26X8483488
1660	12	1	48	26X8483840
1661	15	1	45	26X8493569
1662	19	1	41	26X8499271
1663	17	1	43	26X8499400
1664	9	1	51	26X8513864
1665	14	1	46	26X8515545
1666	9	1	51	26X8531207
1667	8	1	52	26X8534385
1668	12	1	48	26X8534399
1669	15	1	45	26X8537330
1670	7	1	53	26X8545002
1671	18	1	42	26X8549796
1672	6	1	54	26X8551711
1673	19	1	41	26X8592126
1674	15	1	45	26X8596040
1675	18	1	42	26X8604263
1676	10	1	50	26X8610985
1677	6	1	54	26X8615514
1678	6	1	54	26X8643146
1679	7	1	53	26X8650773
1680	11	1	49	26X8664408
1681	7	1	53	26X8700650
1682	16	1	44	26X8710684
1683	18	1	42	26X8711121
1684	9	1	51	26X8725741
1685	9	1	51	26X8725743
1686	9	1	51	26X8738047
1687	10	1	50	26X8755542
1688	15	1	45	27X8775327
1689	20	1	40	27X8777974
1690	20	1	40	27X8778021
1691	20	1	40	27X8778070
1692	15	1	45	27X8781438
1693	9	1	51	27X8783121
1694	20	1	40	27X8788699
1695	15	1	45	27X8789777
1696	20	1	40	27X8797483
1697	17	1	43	27X8799542
1698	6	1	54	27X8805381
1699	20	1	40	27X8805952
1700	11	1	49	27X8806319
1701	20	1	40	27X8808338
1702	13	1	47	27X8808871
1703	19	1	41	27X8809164
1704	17	1	43	27X8812544
1705	14	1	46	27X8814699
1706	20	1	40	27X8816895
1707	20	1	40	27X8817670
1708	19	1	41	27X8822609
1709	19	1	41	27X8826190
1710	17	1	43	27X8828131
1711	20	1	40	27X8829642
1712	18	1	42	27X8830085
1713	19	1	41	27X8830586
1714	20	1	40	27X8831041
1715	20	1	40	27X8835865
1716	20	1	40	27X8843401
1717	7	1	53	27X8846541
1718	17	1	43	27X8846630
1719	20	1	40	27X8848140
1720	20	1	40	27X8848543
1721	20	1	40	27X8850483
1722	19	1	41	27X8851885
1723	20	1	40	27X8854277
1724	16	1	44	27X8865578
1725	20	1	40	27X8870225
1726	19	1	41	27X8870228
1727	20	1	40	27X8870294
1728	12	1	48	27X8873577
1729	20	1	40	27X8874982
1730	12	1	48	27X8879122
1731	16	1	44	27X8879330
1732	13	1	47	27X8879669
1733	20	1	40	27X8884515
1734	19	1	41	27X8889531
1735	18	1	42	27X8889791
1736	18	1	42	27X8892604
1737	20	1	40	27X8893976
1738	20	1	40	27X8893995
1739	20	1	40	27X8895735
1740	18	1	42	27X8902620
1741	20	1	40	27X8905167
1742	16	1	44	27X8907186
1743	17	1	43	27X8909114
1744	13	1	47	27X8909148
1745	15	1	45	27X8909239
1746	17	1	43	27X8910235
1747	20	1	40	27X8911832
1748	20	1	40	27X8922190
1749	12	1	48	27X8923223
1750	9	1	51	27X8924075
1751	20	1	40	27X8924559
1752	19	1	41	27X8931671
1753	19	1	41	27X8937566
1754	17	1	43	27X8940706
1755	14	1	46	27X8949574
1756	18	1	42	27X8949580
1757	18	1	42	27X8952727
1758	7	1	53	27X8955303
1759	20	1	40	27X8955785
1760	20	1	40	27X8957041
1761	20	1	40	27X8962100
1762	16	1	44	27X8962167
1763	14	1	46	27X8970334
1764	20	1	40	27X8971545
1765	12	1	48	27X8973715
1766	20	1	40	27X8976246
1767	19	1	41	27X8980204
1768	16	1	44	27X8984334
1769	15	1	45	27X8997065
1770	20	1	40	27X9003094
1771	20	1	40	27X9006265
1772	20	1	40	27X9009633
1773	11	1	49	27X9014131
1774	20	1	40	27X9016791
1775	18	1	42	27X9016812
1776	17	1	43	27X9022020
1777	16	1	44	27X9024992
1778	20	1	40	27X9025960
1779	12	1	48	27X9027670
1780	17	1	43	27X9029758
1781	20	1	40	27X9029770
1782	17	1	43	27X9032599
1783	15	1	45	27X9032833
1784	20	1	40	27X9036226
1785	20	1	40	27X9037337
1786	9	1	51	27X9037871
1787	16	1	44	27X9040294
1788	5	1	55	27X9041457
1789	20	1	40	27X9046217
1790	20	1	40	27X9049463
1791	7	1	53	27X9052242
1792	20	1	40	27X9054120
1793	16	1	44	27X9055416
1794	20	1	40	27X9056710
1795	20	1	40	27X9057004
1796	18	1	42	27X9059481
1797	16	1	44	27X9060435
1798	20	1	40	27X9065116
1799	10	1	50	27X9065803
1800	11	1	49	27X9066701
1801	12	1	48	27X9068393
1802	18	1	42	27X9069043
1803	18	1	42	27X9072973
1804	20	1	40	27X9074319
1805	20	1	40	27X9076333
1806	18	1	42	27X9076538
1807	14	1	46	27X9076976
1808	17	1	43	27X9079184
1809	17	1	43	27X9081757
1810	20	1	40	27X9083160
1811	17	1	43	27X9085638
1812	20	1	40	27X9089243
1813	20	1	40	27X9090388
1814	17	1	43	27X9090669
1815	10	1	50	27X9092280
1816	8	1	52	28X9094741
1817	13	1	47	28X9094964
1818	9	1	51	28X9095098
1819	27	1	33	28X9095158
1820	15	1	45	28X9095777
1821	13	1	47	28X9096048
1822	23	1	37	28X9096221
1823	25	1	35	28X9096250
1824	11	1	49	28X9096680
1825	14	1	46	28X9096708
1826	29	1	31	28X9097275
1827	7	1	53	28X9097400
1828	15	1	45	28X9097572
1829	11	1	49	28X9098087
1830	26	1	34	28X9098352
1831	26	1	34	28X9098893
1832	10	1	50	28X9099004
1833	10	1	50	28X9099180
1834	20	1	40	28X9100252
1835	19	1	41	28X9100681
1836	27	1	33	28X9100773
1837	13	1	47	28X9101277
1838	8	1	52	28X9101315
1839	14	1	46	28X9101346
1840	13	1	47	28X9101772
1841	15	1	45	28X9102345
1842	8	1	52	28X9102347
1843	33	1	27	28X9102889
1844	6	1	54	28X9103652
1845	18	1	42	28X9104150
1846	25	1	35	28X9104284
1847	9	1	51	28X9104642
1848	8	1	52	28X9104646
1849	9	1	51	28X9104666
1850	13	1	47	28X9104689
1851	24	1	36	30X9110739
1852	19	1	41	30X9110754
1853	29	1	31	30X9110935
1854	29	1	31	30X9117204
1855	29	1	31	30X9120247
1856	26	1	34	30X9127310
1857	27	1	33	30X9133175
1858	14	1	46	30X9135082
1859	31	1	29	30X9144988
1860	28	1	32	30X9149731
1861	26	1	34	30X9149739
1862	25	1	35	30X9149767
1863	12	1	48	30X9203668
1864	25	1	35	30X9211227
1865	29	1	31	30X9235277
1866	27	1	33	30X9243263
1867	28	1	32	30X9254928
1868	27	1	33	30X9270605
1869	29	1	31	30X9277872
1870	19	1	41	30X9278181
1871	27	1	33	30X9278192
1872	20	1	40	30X9286135
1873	27	1	33	30X9299652
1874	29	1	31	30X9308112
1875	31	1	29	30X9310784
1876	30	1	30	30X9317262
1877	27	1	33	30X9321907
1878	29	1	31	30X9327251
1879	25	1	35	30X9331872
1880	23	1	37	30X9337943
1881	19	1	41	30X9341785
1882	19	1	41	30X9341860
1883	28	1	32	30X9372781
1884	26	1	34	30X9372788
1885	31	1	29	30X9378725
1886	27	1	33	30X9385931
1887	8	1	52	30X9394826
1888	29	1	31	30X9396067
1889	21	1	39	30X9417189
1890	11	1	49	30X9418492
1891	28	1	32	30X9419617
1892	31	1	29	30X9419619
1893	22	1	38	30X9433984
1894	24	1	36	30X9442613
1895	10	1	50	30X9456546
1896	28	1	32	30X9457223
1897	20	1	40	30X9459022
1898	20	1	40	30X9459099
1899	22	1	38	30X9464502
1900	29	1	31	30X9465770
1901	26	1	34	30X9471757
1902	27	1	33	30X9497250
1903	23	1	37	30X9499551
1904	30	1	30	30X9502774
1905	29	1	31	30X9502852
1906	28	1	32	30X9525484
1907	27	1	33	30X9530685
1908	29	1	31	30X9530717
1909	31	1	29	30X9542399
1910	31	1	29	30X9542403
1911	30	1	30	30X9542405
1912	30	1	30	30X9547028
1913	30	1	30	30X9547047
1914	26	1	34	30X9558378
1915	28	1	32	30X9560772
1916	16	1	44	30X9571263
1917	6	1	54	30X9593687
1918	21	1	39	30X9606826
1919	18	1	42	30X9638367
1920	30	1	30	30X9651821
1921	25	1	35	30X9653908
1922	20	1	40	30X9658503
1923	8	1	52	30X9670249
1924	29	1	31	30X9670956
1925	30	1	30	30X9687158
1926	27	1	33	30X9702530
1927	30	1	30	30X9707259
1928	27	1	33	30X9708790
1929	29	1	31	30X9713325
1930	31	1	29	30X9713337
1931	30	1	30	30X9718252
1932	13	1	47	30X9724579
1933	20	1	40	30X9747783
1934	21	1	39	30X9747992
1935	27	1	33	30X9752137
1936	26	1	34	30X9754611
1937	30	1	30	30X9756481
1938	22	1	38	30X9760757
1939	17	1	43	30X9769241
1940	8	1	52	30X9773233
1941	31	1	29	30X9778522
1942	29	1	31	30X9784440
1943	28	1	32	30X9789720
1944	30	1	30	30X9835522
1945	7	1	53	30X9839636
1946	29	1	31	30X9873314
1947	25	1	35	30X9874852
1948	29	1	31	30X9876122
1949	18	1	42	30X9893515
1950	18	1	42	30X9893927
1951	29	1	31	30X9898898
1952	30	1	30	30X9900979
1953	29	1	31	30X9912371
1954	18	1	42	30X9914738
1955	31	1	29	30X9917530
1956	22	1	38	30X9921171
1957	16	1	44	30X9923546
1958	26	1	34	30X9939279
1959	19	1	41	30X9945828
1960	24	1	36	30X9950088
1961	25	1	35	30X9958135
1962	29	1	31	30X9966065
1963	25	1	35	30X9970505
1964	17	1	43	30X9975064
1965	27	1	33	30X10006239
1966	25	1	35	30X10008647
1967	31	1	29	30X10014701
1968	16	1	44	30X10015623
1969	18	1	42	30X10026682
1970	24	1	36	30X10026683
1971	18	1	42	30X10026815
1972	25	1	35	30X10026816
1973	11	1	49	30X10035411
1974	15	1	45	30X10042393
1975	29	1	31	30X10050197
1976	26	1	34	30X10055817
1977	22	1	38	30X10058035
1978	23	1	37	30X10058485
1979	21	1	39	30X10061513
1980	24	1	36	30X10063175
1981	29	1	31	30X10063185
1982	26	1	34	30X10073834
1983	30	1	30	30X10075690
1984	25	1	35	30X10082752
1985	29	1	31	30X10101838
1986	23	1	37	30X10103190
1987	30	1	30	30X10103216
1988	12	1	48	31X10125167
1989	11	1	49	31X10141208
1990	12	1	48	31X10161011
1991	11	1	49	31X10163231
1992	12	1	48	31X10163233
1993	12	1	48	31X10163235
1994	9	1	51	31X10163252
1995	11	1	49	31X10174999
1996	8	1	52	31X10175922
1997	12	1	48	31X10190673
1998	9	1	51	31X10193631
1999	9	1	51	31X10200792
2000	8	1	52	31X10204039
2001	6	1	54	31X10210333
2002	12	1	48	31X10218185
2003	7	1	53	31X10219583
2004	12	1	48	31X10223372
2005	11	1	49	31X10228060
2006	10	1	50	31X10228760
2007	12	1	48	31X10253349
2008	11	1	49	31X10254568
2009	10	1	50	31X10267750
2010	12	1	48	31X10268028
2011	10	1	50	31X10275535
2012	9	1	51	31X10281192
2013	6	1	54	31X10313995
2014	12	1	48	31X10314871
2015	8	1	52	31X10317787
2016	11	1	49	31X10320713
2017	12	1	48	31X10325179
2018	10	1	50	31X10336635
2019	12	1	48	31X10341490
2020	12	1	48	31X10342889
2021	8	1	52	31X10348305
2022	12	1	48	31X10348321
2023	10	1	50	31X10350604
2024	11	1	49	31X10353803
2025	8	1	52	31X10357369
2026	10	1	50	31X10364283
2027	8	1	52	31X10364287
2028	7	1	53	31X10364329
2029	12	1	48	31X10388235
2030	7	1	53	31X10388775
2031	9	1	51	31X10388971
2032	12	1	48	31X10392283
2033	11	1	49	31X10397643
2034	12	1	48	31X10402599
2035	9	1	51	31X10410862
2036	9	1	51	31X10423045
2037	10	1	50	31X10423173
2038	12	1	48	31X10423519
2039	10	1	50	31X10433570
2040	10	1	50	31X10455487
2041	12	1	48	31X10456522
2042	9	1	51	31X10456978
2043	12	1	48	31X10457657
2044	11	1	49	31X10461887
2045	10	1	50	31X10468710
2046	7	1	53	31X10478369
2047	8	1	52	31X10492095
2048	9	1	51	31X10497654
2049	12	1	48	31X10497818
2050	12	1	48	31X10498017
2051	12	1	48	31X10504181
2052	12	1	48	31X10511175
2053	12	1	48	31X10524918
2054	12	1	48	31X10527467
2055	3	1	57	31X10531436
2056	12	1	48	31X10531794
2057	8	1	52	31X10535692
2058	11	1	49	31X10542533
2059	12	1	48	31X10559721
2060	9	1	51	31X10562397
2061	12	1	48	31X10563959
2062	11	1	49	31X10574732
2063	9	1	51	31X10575619
2064	11	1	49	31X10577780
2065	12	1	48	31X10585091
2066	11	1	49	31X10592952
2067	9	1	51	31X10601591
2068	12	1	48	31X10605531
2069	9	1	51	31X10606214
2070	7	1	53	31X10613518
2071	19	1	41	32X10617880
2072	13	1	47	32X10620150
2073	19	1	41	32X10628731
2074	9	1	51	32X10630493
2075	16	1	44	32X10636641
2076	17	1	43	32X10639797
2077	16	1	44	32X10654250
2078	19	1	41	32X10654360
2079	11	1	49	32X10654980
2080	8	1	52	32X10656239
2081	18	1	42	32X10683412
2082	19	1	41	32X10690984
2083	14	1	46	32X10704192
2084	16	1	44	32X10705780
2085	5	1	55	32X10708435
2086	16	1	44	32X10708546
2087	17	1	43	32X10709466
2088	19	1	41	32X10716017
2089	19	1	41	32X10718946
2090	19	1	41	32X10728907
2091	16	1	44	32X10732105
2092	19	1	41	32X10736589
2093	18	1	42	32X10738200
2094	7	1	53	32X10742920
2095	19	1	41	32X10746921
2096	16	1	44	32X10747262
2097	19	1	41	32X10748802
2098	8	1	52	32X10753460
2099	19	1	41	32X10754167
2100	19	1	41	32X10754716
2101	7	1	53	32X10758586
2102	12	1	48	32X10758856
2103	18	1	42	32X10762748
2104	19	1	41	32X10781768
2105	17	1	43	32X10782708
2106	15	1	45	32X10799391
2107	17	1	43	32X10802471
2108	8	1	52	32X10803119
2109	8	1	52	32X10814987
2110	17	1	43	32X10816945
2111	19	1	41	32X10818114
2112	13	1	47	32X10825598
2113	19	1	41	32X10833507
2114	19	1	41	32X10836207
2115	16	1	44	32X10844875
2116	19	1	41	32X10864782
2117	19	1	41	32X10871182
2118	19	1	41	32X10873491
2119	19	1	41	32X10874696
2120	19	1	41	32X10876591
2121	19	1	41	32X10879026
2122	19	1	41	32X10882136
2123	19	1	41	32X10889009
2124	19	1	41	32X10892227
2125	10	1	50	32X10899328
2126	19	1	41	32X10912924
2127	19	1	41	32X10914612
2128	19	1	41	32X10914613
2129	14	1	46	32X10926116
2130	13	1	47	32X10932914
2131	13	1	47	32X10933008
2132	19	1	41	32X10943871
2133	18	1	42	32X10957048
2134	13	1	47	32X10961706
2135	19	1	41	32X10964862
2136	19	1	41	32X10976401
2137	13	1	47	32X10978638
2138	14	1	46	32X10980018
2139	18	1	42	32X10987939
2140	18	1	42	32X11008320
2141	17	1	43	32X11019238
2142	19	1	41	32X11031064
2143	19	1	41	32X11032856
2144	19	1	41	32X11032857
2145	13	1	47	32X11038326
2146	17	1	43	32X11041734
2147	18	1	42	32X11045979
2148	19	1	41	32X11046175
2149	19	1	41	32X11046178
2150	5	1	55	32X11047464
2151	17	1	43	32X11053502
2152	17	1	43	32X11067318
2153	19	1	41	32X11067607
2154	8	1	52	32X11067940
2155	8	1	52	32X11080269
2156	18	1	42	32X11080876
2157	19	1	41	32X11093027
2158	18	1	42	32X11096996
2159	7	1	53	32X11100777
2160	17	1	43	32X11104302
2161	15	1	45	32X11104547
2162	8	1	52	32X11105592
2163	12	1	48	32X11106785
2164	17	1	43	32X11107330
2165	19	1	41	32X11120323
2166	16	1	44	32X11124788
2167	14	1	46	32X11126264
2168	8	1	52	32X11126272
2169	17	1	43	32X11136311
2170	19	1	41	32X11137683
2171	19	1	41	32X11140677
2172	8	1	52	32X11143403
2173	16	1	44	32X11148005
2174	18	1	42	32X11152611
2175	9	1	51	32X11155689
2176	7	1	53	32X11156666
2177	14	1	46	32X11157534
2178	18	1	42	32X11160324
2179	19	1	41	32X11160720
2180	19	1	41	32X11163534
2181	13	1	47	32X11166035
2182	15	1	45	32X11167408
2183	19	1	41	32X11177197
2184	18	1	42	32X11184232
2185	17	1	43	32X11188319
2186	19	1	41	32X11188911
2187	9	1	51	32X11190277
2188	19	1	41	32X11190781
2189	16	1	44	32X11194965
2190	18	1	42	32X11195631
2191	19	1	41	32X11204392
2192	19	1	41	32X11209306
2193	19	1	41	32X11219298
2194	19	1	41	32X11236589
2195	19	1	41	32X11243731
2196	18	1	42	32X11245152
2197	19	1	41	32X11251709
2198	13	1	47	32X11251820
2199	14	1	46	33X11252910
2200	12	1	48	33X11253400
2201	10	1	50	33X11253967
2202	11	1	49	33X11255396
2203	8	1	52	33X11255471
2204	18	1	42	33X11255494
2205	27	1	33	33X11256002
2206	24	1	36	33X11256880
2207	21	1	39	33X11257913
2208	21	1	39	33X11258135
2209	27	1	33	33X11258175
2210	27	1	33	33X11258455
2211	24	1	36	33X11258505
2212	11	1	49	33X11259230
2213	8	1	52	33X11261474
2214	26	1	34	33X11261877
2215	22	1	38	33X11263598
2216	25	1	35	33X11263894
2217	11	1	49	33X11263915
2218	15	1	45	33X11263982
2219	13	1	47	33X11264019
2220	18	1	42	33X11265211
2221	3	1	57	33X11265244
2222	12	1	48	33X11265628
2223	11	1	49	33X11265800
2224	17	1	43	33X11267202
2225	16	1	44	33X11267442
2226	6	1	54	33X11267468
2227	8	1	52	33X11267634
2228	13	1	47	33X11268540
2229	23	1	37	33X11269497
2230	9	1	51	33X11270027
2231	12	1	48	33X11270033
2232	18	1	42	33X11271432
2233	21	1	39	33X11271720
2234	7	1	53	33X11271894
2235	11	1	49	33X11273745
2236	22	1	38	33X11273946
2237	9	1	51	33X11274033
2238	11	1	49	33X11274125
2239	27	1	33	33X11274496
2240	21	1	39	33X11274714
2241	23	1	37	33X11275352
2242	6	1	54	33X11275501
2243	9	1	51	33X11277501
2244	8	1	52	33X11278593
2245	9	1	51	33X11279123
2246	15	1	45	33X11279638
2247	10	1	50	33X11280139
2248	6	1	54	33X11280585
2249	11	1	49	33X11281285
2250	26	1	34	34X11281435
2251	20	1	40	34X11281456
2252	19	1	41	34X11281535
2253	31	1	29	34X11281601
2254	29	1	31	34X11281694
2255	32	1	28	34X11281717
2256	48	1	12	34X11282009
2257	29	1	31	34X11282607
2258	42	1	18	34X11282617
2259	45	1	15	34X11282789
2260	30	1	30	34X11282911
2261	33	1	27	34X11283171
2262	36	1	24	34X11283228
2263	46	1	14	35X11284027
2264	23	1	37	35X11284068
2265	27	1	33	35X11284117
2266	36	1	24	35X11284233
2267	11	1	49	35X11284266
2268	16	1	44	35X11284395
2269	25	1	35	35X11284405
2270	34	1	26	35X11284488
2271	22	1	38	35X11284581
2272	31	1	29	35X11284682
2273	45	1	15	35X11284810
2274	11	1	49	35X11285547
2275	19	1	41	35X11285666
2276	16	1	44	35X11285804
2277	16	1	44	35X11286306
2278	12	1	48	35X11286386
2279	24	1	36	35X11286662
2280	23	1	37	35X11286737
2281	11	1	49	36X11288560
2282	6	1	54	36X11289405
2283	6	1	54	36X11289684
2284	8	1	52	36X11290548
2285	10	1	50	36X11291839
2286	13	1	47	36X11291938
2287	13	1	47	36X11292151
2288	11	1	49	36X11292533
2289	8	1	52	36X11292549
2290	7	1	53	36X11292666
2291	5	1	55	36X11293063
2292	8	1	52	36X11293326
2293	11	1	49	36X11295163
2294	12	1	48	36X11295726
2295	16	1	44	36X11295887
2296	19	1	41	36X11295983
2297	6	1	54	36X11298985
2298	5	1	55	36X11299262
2299	12	1	48	36X11299510
2300	11	1	49	36X11299890
2301	5	1	55	36X11300451
2302	5	1	55	36X11301143
2303	8	1	52	36X11301291
2304	8	1	52	36X11301527
2305	10	1	50	36X11302556
2306	9	1	51	36X11303489
2307	5	1	55	36X11307252
2308	5	1	55	36X11309359
2309	10	1	50	36X11310270
2310	13	1	47	36X11311653
2311	8	1	52	36X11312652
2312	14	1	46	36X11312660
2313	11	1	49	36X11315224
2314	6	1	54	36X11316832
2315	6	1	54	36X11316945
2316	6	1	54	36X11317199
2317	13	1	47	36X11317547
2318	15	1	45	36X11318997
2319	11	1	49	36X11320585
2320	13	1	47	36X11322200
2321	4	1	56	36X11325972
2322	11	1	49	36X11329310
2323	8	1	52	36X11329550
2324	20	1	40	36X11330097
2325	15	1	45	36X11330240
2326	7	1	53	36X11330593
2327	12	1	48	36X11331455
2328	7	1	53	36X11332579
2329	5	1	55	36X11333499
2330	19	1	41	36X11335676
2331	7	1	53	36X11335690
2332	9	1	51	36X11336264
2333	10	1	50	36X11337196
2334	9	1	51	36X11338560
2335	13	1	47	37X11339714
2336	26	1	34	37X11339836
2337	23	1	37	37X11340393
2338	35	1	25	37X11340525
2339	25	1	35	37X11341095
2340	20	1	40	37X11341269
2341	25	1	35	37X11341582
2342	26	1	34	37X11342624
2343	35	1	25	37X11342691
2344	23	1	37	37X11343466
2345	17	1	43	37X11343580
2346	35	1	25	37X11343894
2347	25	1	35	37X11344094
2348	10	1	50	37X11344235
2349	15	1	45	37X11345243
2350	17	1	43	37X11345304
2351	8	1	52	37X11345503
2352	35	1	25	37X11346520
2353	32	1	28	37X11346522
2354	26	1	34	37X11346765
2355	34	1	26	37X11346797
2356	7	1	53	37X11346833
2357	15	1	45	37X11348214
2358	30	1	30	37X11350097
2359	11	1	49	37X11350260
2360	26	1	34	37X11350410
2361	19	1	41	37X11351393
2362	26	1	34	37X11352235
2363	28	1	32	37X11352621
2364	35	1	25	37X11352680
2365	34	1	26	37X11352791
2366	15	1	45	37X11352857
2367	11	1	49	37X11352944
2368	14	1	46	37X11353511
2369	16	1	44	37X11353627
2370	25	1	35	37X11354115
2371	21	1	39	37X11355481
2372	35	1	25	37X11355531
2373	15	1	45	37X11355800
2374	9	1	51	37X11355853
2375	12	1	48	37X11356419
2376	19	1	41	37X11356592
2377	29	1	31	37X11356905
2378	11	1	49	37X11358702
2379	7	1	53	38X11366545
2380	9	1	51	38X11367781
2381	7	1	53	38X11372084
2382	5	1	55	38X11373238
2383	7	1	53	38X11375129
2384	9	1	51	38X11382459
2385	7	1	53	38X11393735
2386	8	1	52	38X11400695
2387	9	1	51	38X11405228
2388	7	1	53	38X11412894
2389	9	1	51	38X11412898
2390	8	1	52	38X11425751
2391	5	1	55	38X11429387
2392	7	1	53	38X11431461
2393	9	1	51	38X11434406
2394	9	1	51	38X11444353
2395	7	1	53	38X11452878
2396	9	1	51	38X11460700
2397	10	1	50	38X11460941
2398	7	1	53	38X11462484
2399	9	1	51	38X11479055
2400	4	1	56	38X11481827
2401	8	1	52	38X11487227
2402	9	1	51	38X11489816
2403	3	1	57	38X11495040
2404	8	1	52	38X11511124
2405	7	1	53	38X11520925
2406	7	1	53	38X11524244
2407	8	1	52	38X11528654
2408	9	1	51	38X11532246
2409	8	1	52	38X11537962
2410	7	1	53	38X11540215
2411	10	1	50	38X11545303
2412	9	1	51	38X11551541
2413	19	1	41	39X11558343
2414	11	1	49	39X11561677
2415	20	1	40	39X11562447
2416	10	1	50	39X11562496
2417	13	1	47	39X11562675
2418	19	1	41	39X11562714
2419	14	1	46	39X11563046
2420	14	1	46	39X11565589
2421	12	1	48	39X11565770
2422	7	1	53	39X11569170
2423	18	1	42	39X11570066
2424	19	1	41	39X11572030
2425	13	1	47	39X11572431
2426	15	1	45	39X11574728
2427	5	1	55	39X11574731
2428	18	1	42	39X11575498
2429	18	1	42	39X11576162
2430	21	1	39	39X11578463
2431	10	1	50	39X11579212
2432	18	1	42	39X11579527
2433	15	1	45	39X11581536
2434	14	1	46	39X11583858
2435	19	1	41	39X11584634
2436	8	1	52	39X11586330
2437	16	1	44	39X11586360
2438	19	1	41	39X11589357
2439	16	1	44	39X11591182
2440	6	1	54	39X11591266
2441	13	1	47	39X11591567
2442	20	1	40	39X11592958
2443	20	1	40	39X11593801
2444	16	1	44	39X11594036
2445	16	1	44	39X11595987
2446	8	1	52	39X11596083
2447	19	1	41	39X11596214
2448	19	1	41	39X11596284
2449	17	1	43	39X11597630
2450	18	1	42	39X11598251
2451	11	1	49	39X11599881
2452	12	1	48	39X11600567
2453	11	1	49	39X11601840
2454	20	1	40	39X11604479
2455	12	1	48	39X11606514
2456	17	1	43	39X11607350
2457	16	1	44	39X11608763
2458	17	1	43	39X11610615
2459	11	1	49	39X11610997
2460	17	1	43	39X11614630
2461	19	1	41	39X11616090
2462	15	1	45	39X11616688
2463	6	1	54	39X11619090
2464	21	1	39	39X11622819
2465	16	1	44	39X11622821
2466	17	1	43	39X11623362
2467	11	1	49	39X11628753
2468	19	1	41	39X11629834
2469	15	1	45	39X11630209
2470	18	1	42	39X11630545
2471	17	1	43	39X11633824
2472	19	1	41	39X11634517
2473	20	1	40	39X11635650
2474	14	1	46	39X11637393
2475	20	1	40	39X11637470
2476	20	1	40	39X11638399
2477	6	1	54	39X11639985
2478	15	1	45	39X11641135
2479	17	1	43	39X11647906
2480	19	1	41	39X11648806
2481	5	1	55	39X11649352
2482	16	1	44	39X11651657
2483	18	1	42	39X11655411
2484	8	1	52	39X11657917
2485	10	1	50	39X11658408
2486	16	1	44	39X11658600
2487	13	1	47	39X11663243
2488	9	1	51	41X11774499
2489	22	1	38	41X11775069
2490	13	1	47	41X11784129
2491	24	1	36	41X11787125
2492	9	1	51	41X11793359
2493	29	1	31	41X11795589
2494	30	1	30	41X11795591
2495	27	1	33	41X11801533
2496	6	1	54	41X11801559
2497	15	1	45	41X11806032
2498	28	1	32	41X11807131
2499	19	1	41	41X11807192
2500	30	1	30	41X11812820
2501	30	1	30	41X11814121
2502	30	1	30	41X11814125
2503	30	1	30	41X11814129
2504	28	1	32	41X11814357
2505	8	1	52	41X11822051
2506	7	1	53	41X11826724
2507	28	1	32	41X11841233
2508	29	1	31	41X11842478
2509	24	1	36	41X11843326
2510	16	1	44	41X11846102
2511	16	1	44	41X11854489
2512	22	1	38	41X11867363
2513	14	1	46	41X11867382
2514	25	1	35	41X11868432
2515	20	1	40	41X11868547
2516	27	1	33	41X11868549
2517	29	1	31	41X11868963
2518	30	1	30	41X11868967
2519	23	1	37	41X11870799
2520	21	1	39	41X11871456
2521	30	1	30	41X11873718
2522	31	1	29	41X11876989
2523	14	1	46	41X11878203
2524	29	1	31	41X11878951
2525	18	1	42	41X11881856
2526	27	1	33	41X11881912
2527	25	1	35	41X11883797
2528	6	1	54	41X11884525
2529	7	1	53	41X11887387
2530	27	1	33	41X11891817
2531	31	1	29	41X11894900
2532	30	1	30	41X11898881
2533	16	1	44	41X11899098
2534	26	1	34	41X11906755
2535	29	1	31	41X11906758
2536	16	1	44	41X11906901
2537	27	1	33	41X11911390
2538	17	1	43	41X11913009
2539	29	1	31	41X11914692
2540	29	1	31	41X11914696
2541	29	1	31	41X11914697
2542	27	1	33	41X11916714
2543	25	1	35	41X11920904
2544	9	1	51	41X11921285
2545	28	1	32	41X11922253
2546	19	1	41	41X11928085
2547	21	1	39	41X11928105
2548	22	1	38	41X11928642
2549	4	1	56	41X11928646
2550	16	1	44	41X11933854
2551	20	1	40	41X11937616
2552	28	1	32	41X11939870
2553	16	1	44	41X11940661
2554	22	1	38	41X11941757
2555	30	1	30	41X11947590
2556	30	1	30	41X11947827
2557	32	1	28	41X11950968
2558	30	1	30	41X11964341
2559	30	1	30	41X11964915
2560	27	1	33	41X11966361
2561	29	1	31	41X11969474
2562	25	1	35	41X11969475
2563	28	1	32	41X11983085
2564	27	1	33	41X11983087
2565	17	1	43	41X11983481
2566	12	1	48	41X11988941
2567	24	1	36	41X11992884
2568	29	1	31	41X11994237
2569	29	1	31	41X11994241
2570	30	1	30	41X11994244
2571	30	1	30	41X11994245
2572	29	1	31	41X11994246
2573	30	1	30	41X11994249
2574	30	1	30	41X11994250
2575	21	1	39	41X11997735
2576	9	1	51	41X11998387
2577	28	1	32	41X11999481
2578	28	1	32	41X12007743
2579	28	1	32	41X12007744
2580	25	1	35	41X12007746
2581	30	1	30	41X12009313
2582	29	1	31	41X12009314
2583	31	1	29	41X12009318
2584	29	1	31	41X12009320
2585	30	1	30	41X12009322
2586	29	1	31	41X12010439
2587	23	1	37	41X12011088
2588	17	1	43	41X12016422
2589	30	1	30	41X12016856
2590	24	1	36	41X12024592
2591	29	1	31	41X12027273
2592	30	1	30	41X12029044
2593	28	1	32	41X12029045
2594	29	1	31	41X12029046
2595	29	1	31	41X12029050
2596	28	1	32	41X12029051
2597	22	1	38	41X12029056
2598	29	1	31	41X12029057
2599	27	1	33	41X12029063
2600	29	1	31	41X12029067
2601	31	1	29	41X12029071
2602	30	1	30	41X12029075
2603	26	1	34	41X12031364
2604	30	1	30	41X12031499
2605	26	1	34	41X12033237
2606	29	1	31	41X12033238
2607	21	1	39	41X12033239
2608	27	1	33	41X12033242
2609	28	1	32	41X12033246
2610	27	1	33	41X12033247
2611	28	1	32	41X12033248
2612	29	1	31	41X12033249
2613	26	1	34	41X12033250
2614	29	1	31	41X12033251
2615	28	1	32	41X12033256
2616	28	1	32	41X12033264
2617	23	1	37	41X12033266
2618	29	1	31	41X12033267
2619	29	1	31	41X12033271
2620	27	1	33	41X12033273
2621	28	1	32	41X12033278
2622	26	1	34	41X12033609
2623	4	1	56	41X12038396
2624	24	1	36	41X12038851
2625	26	1	34	41X12043590
2626	30	1	30	41X12049415
2627	29	1	31	41X12052084
2628	26	1	34	41X12055211
2629	28	1	32	41X12055897
2630	29	1	31	41X12063106
2631	29	1	31	41X12063113
2632	28	1	32	41X12080109
2633	30	1	30	41X12080110
2634	28	1	32	41X12080111
2635	23	1	37	41X12080112
2636	28	1	32	41X12080119
2637	5	1	55	41X12084859
2638	6	1	54	41X12087644
2639	26	1	34	41X12087679
2640	30	1	30	41X12087684
2641	29	1	31	41X12088802
2642	27	1	33	41X12098884
2643	30	1	30	41X12103340
2644	29	1	31	41X12103342
2645	30	1	30	41X12103345
2646	20	1	40	41X12103732
2647	23	1	37	41X12119160
2648	27	1	33	41X12121544
2649	29	1	31	41X12122938
2650	9	1	51	41X12123899
2651	12	1	48	42X12125263
2652	13	1	47	42X12125308
2653	14	1	46	42X12127211
2654	14	1	46	42X12135593
2655	13	1	47	42X12137820
2656	14	1	46	42X12139859
2657	13	1	47	42X12144987
2658	14	1	46	42X12146618
2659	13	1	47	42X12147798
2660	14	1	46	42X12148529
2661	13	1	47	42X12148625
2662	13	1	47	42X12148870
2663	11	1	49	42X12149215
2664	12	1	48	42X12149639
2665	14	1	46	42X12153052
2666	13	1	47	42X12153202
2667	13	1	47	42X12155998
2668	14	1	46	42X12157689
2669	14	1	46	42X12158868
2670	11	1	49	42X12158869
2671	14	1	46	42X12159857
2672	14	1	46	42X12165208
2673	11	1	49	42X12165361
2674	14	1	46	42X12173160
2675	13	1	47	42X12175790
2676	14	1	46	42X12176879
2677	14	1	46	42X12176881
2678	13	1	47	42X12180406
2679	13	1	47	42X12181507
2680	11	1	49	42X12182322
2681	14	1	46	42X12182329
2682	14	1	46	42X12183439
2683	12	1	48	42X12184584
2684	14	1	46	42X12186054
2685	7	1	53	42X12186215
2686	14	1	46	42X12186665
2687	14	1	46	42X12187674
2688	11	1	49	42X12189492
2689	14	1	46	42X12190107
2690	14	1	46	42X12195904
2691	13	1	47	42X12197640
2692	14	1	46	42X12199076
2693	9	1	51	42X12200377
2694	11	1	49	42X12201435
2695	12	1	48	42X12201437
2696	7	1	53	42X12203344
2697	10	1	50	42X12203346
2698	13	1	47	42X12204502
2699	13	1	47	42X12207338
2700	8	1	52	42X12209268
2701	8	1	52	42X12209386
2702	7	1	53	42X12209411
2703	9	1	51	42X12209494
2704	10	1	50	42X12212678
2705	14	1	46	42X12214794
2706	14	1	46	42X12216261
2707	11	1	49	42X12216413
2708	13	1	47	42X12216491
2709	12	1	48	42X12216523
2710	13	1	47	42X12216961
2711	13	1	47	42X12217214
2712	14	1	46	42X12218435
2713	7	1	53	42X12220085
2714	11	1	49	42X12221771
2715	14	1	46	42X12223934
2716	14	1	46	42X12223954
2717	10	1	50	42X12229918
2718	14	1	46	42X12231172
2719	13	1	47	42X12231175
2720	14	1	46	42X12231345
2721	14	1	46	42X12234162
2722	11	1	49	42X12234301
2723	14	1	46	42X12237235
2724	14	1	46	42X12238794
2725	14	1	46	42X12242158
2726	13	1	47	42X12248462
2727	14	1	46	42X12248707
2728	11	1	49	42X12248709
2729	14	1	46	42X12249011
2730	12	1	48	42X12251783
2731	13	1	47	42X12251785
2732	10	1	50	42X12252899
2733	13	1	47	42X12253655
2734	14	1	46	42X12254359
2735	14	1	46	42X12255360
2736	14	1	46	42X12255491
2737	11	1	49	42X12256311
2738	13	1	47	42X12258013
2739	14	1	46	42X12260918
2740	14	1	46	42X12262246
2741	14	1	46	42X12272224
2742	9	1	51	42X12274629
2743	14	1	46	42X12275186
2744	13	1	47	42X12276375
2745	14	1	46	42X12278208
2746	14	1	46	42X12279343
2747	14	1	46	42X12279350
2748	14	1	46	42X12281392
2749	14	1	46	42X12287031
2750	14	1	46	42X12287064
2751	13	1	47	42X12290145
2752	14	1	46	42X12290146
2753	8	1	52	42X12293813
2754	9	1	51	42X12293838
2755	10	1	50	42X12293858
2756	8	1	52	42X12293886
2757	11	1	49	42X12293951
2758	8	1	52	42X12293952
2759	8	1	52	42X12293989
2760	6	1	54	42X12294023
2761	10	1	50	42X12294090
2762	9	1	51	43X12295964
2763	6	1	54	43X12306599
2764	15	1	45	43X12318346
2765	18	1	42	43X12320066
2766	15	1	45	43X12320067
2767	10	1	50	43X12326471
2768	9	1	51	43X12333792
2769	14	1	46	43X12334924
2770	10	1	50	43X12335257
2771	9	1	51	43X12338153
2772	9	1	51	43X12343498
2773	8	1	52	43X12344392
2774	8	1	52	43X12355575
2775	18	1	42	43X12356231
2776	18	1	42	43X12356790
2777	11	1	49	43X12357139
2778	21	1	39	43X12361245
2779	6	1	54	43X12364784
2780	12	1	48	43X12366514
2781	18	1	42	43X12367419
2782	17	1	43	43X12378640
2783	13	1	47	43X12386066
2784	4	1	56	43X12386119
2785	14	1	46	43X12389443
2786	18	1	42	43X12391104
2787	9	1	51	43X12392812
2788	13	1	47	43X12399695
2789	8	1	52	43X12402227
2790	9	1	51	43X12409066
2791	9	1	51	43X12412712
2792	12	1	48	43X12414396
2793	20	1	40	43X12416583
2794	17	1	43	43X12417107
2795	11	1	49	43X12420000
2796	18	1	42	43X12427440
2797	18	1	42	44X12431721
2798	20	1	40	44X12432646
2799	0	1	60	44X12448503
2800	17	1	43	44X12492801
2801	12	1	48	44X12494551
2802	21	1	39	44X12512271
2803	9	1	51	44X12538068
2804	30	1	30	44X12629136
2805	26	1	34	44X12650233
2806	22	1	38	44X12686632
2807	15	1	45	44X12709802
2808	26	1	34	44X12712127
2809	15	1	45	44X12712269
2810	29	1	31	44X12712306
2811	28	1	32	44X12772828
2812	28	1	32	44X12807653
2813	25	1	35	44X12818753
2814	30	1	30	44X12839319
2815	15	1	45	44X12848400
2816	27	1	33	44X12850566
2817	29	1	31	44X12863583
2818	27	1	33	44X12885405
2819	29	1	31	44X12895184
2820	21	1	39	44X12932135
2821	14	1	46	44X12949483
2822	28	1	32	44X12952779
2823	5	1	55	44X12969881
2824	24	1	36	44X12971541
2825	26	1	34	44X13002022
2826	7	1	53	44X13029731
2827	20	1	40	44X13059977
2828	25	1	35	44X13061081
2829	17	1	43	44X13072636
2830	26	1	34	44X13194651
2831	26	1	34	44X13211717
2832	25	1	35	44X13225240
2833	11	1	49	44X13225241
2834	27	1	33	44X13317273
2835	26	1	34	44X13321046
2836	26	1	34	44X13328131
2837	27	1	33	44X13329976
2838	25	1	35	44X13350602
2839	28	1	32	44X13365412
2840	27	1	33	44X13371031
2841	14	1	46	44X13408553
2842	12	1	48	44X13446107
2843	28	1	32	44X13537121
2844	27	1	33	44X13561924
2845	27	1	33	44X13562299
2846	27	1	33	44X13568799
2847	28	1	32	44X13615129
2848	8	1	52	44X13618694
2849	25	1	35	44X13631421
2850	30	1	30	44X13646203
2851	23	1	37	44X13646696
2852	5	1	55	44X13693066
2853	20	1	40	44X13727442
2854	25	1	35	44X13769632
2855	22	1	38	44X13773461
2856	25	1	35	44X13775610
2857	14	1	46	44X13778641
2858	26	1	34	44X13782923
2859	26	1	34	44X13793333
2860	29	1	31	44X13805278
2861	27	1	33	44X13813038
2862	16	1	44	44X13820285
2863	15	1	45	44X13837274
2864	15	1	45	44X13896741
2865	26	1	34	44X13900128
2866	28	1	32	44X13933602
2867	27	1	33	44X13964053
2868	27	1	33	44X13975675
2869	24	1	36	44X13989085
2870	23	1	37	44X14014488
2871	24	1	36	44X14019241
2872	18	1	42	44X14021290
2873	27	1	33	44X14021485
2874	22	1	38	44X14031250
2875	25	1	35	44X14033862
2876	23	1	37	44X14047622
2877	22	1	38	44X14072250
2878	27	1	33	44X14091150
2879	30	1	30	44X14105887
2880	22	1	38	44X14110352
2881	26	1	34	44X14167550
2882	17	1	43	44X14173769
2883	6	1	54	44X14184105
2884	25	1	35	44X14217241
2885	25	1	35	44X14217997
2886	19	1	41	44X14228679
2887	21	1	39	44X14243090
2888	11	1	49	44X14303100
2889	11	1	49	44X14303127
2890	10	1	50	44X14303140
2891	28	1	32	44X14362713
2892	21	1	39	44X14380434
2893	9	1	51	44X14381640
2894	22	1	38	44X14387191
2895	29	1	31	44X14445400
2896	21	1	39	44X14445404
2897	20	1	40	44X14445406
2898	24	1	36	44X14445409
2899	21	1	39	44X14468434
2900	9	1	51	44X14505772
2901	28	1	32	44X14525961
2902	16	1	44	44X14528479
2903	26	1	34	44X14540371
2904	28	1	32	44X14541923
2905	9	1	51	44X14552001
2906	22	1	38	44X14567479
2907	30	1	30	44X14580373
2908	24	1	36	44X14581175
2909	28	1	32	44X14614859
2910	11	1	49	44X14618851
2911	29	1	31	44X14619022
2912	16	1	44	44X14667811
2913	27	1	33	44X14693447
2914	21	1	39	44X14736708
2915	17	1	43	44X14762370
2916	11	1	49	44X14826649
2917	26	1	34	44X14843973
2918	24	1	36	44X14846197
2919	13	1	47	44X14846198
2920	29	1	31	44X14852179
2921	26	1	34	44X14867112
2922	29	1	31	44X14867523
2923	6	1	54	44X14877736
2924	24	1	36	44X14902588
2925	29	1	31	44X14922830
2926	13	1	47	44X14947936
2927	24	1	36	44X15017694
2928	16	1	44	44X15031780
2929	27	1	33	44X15035265
2930	24	1	36	44X15037120
2931	30	1	30	44X15038668
2932	24	1	36	44X15048578
2933	18	1	42	44X15151291
2934	19	1	41	44X15190782
2935	29	1	31	44X15190783
2936	26	1	34	44X15193621
2937	18	1	42	44X15237237
2938	24	1	36	44X15266414
2939	25	1	35	44X15282585
2940	26	1	34	44X15392795
2941	27	1	33	44X15441786
2942	17	1	43	44X15489025
2943	28	1	32	44X15499159
2944	24	1	36	44X15518882
2945	19	1	41	44X15526234
2946	7	1	53	44X15526690
2947	29	1	31	44X15545259
2948	28	1	32	44X15555528
2949	20	1	40	44X15568673
2950	29	1	31	44X15588628
2951	29	1	31	44X15588636
2952	27	1	33	44X15617498
2953	22	1	38	44X15703978
2954	27	1	33	44X15738066
2955	26	1	34	44X15755169
2956	18	1	42	44X15782075
2957	16	1	44	44X15799554
2958	12	1	48	44X15807451
2959	15	1	45	44X15829401
2960	28	1	32	44X15846730
2961	26	1	34	44X15857772
2962	16	1	44	44X15862559
2963	10	1	50	44X15879835
2964	27	1	33	44X15923641
2965	27	1	33	44X15976226
2966	17	1	43	44X15976782
2967	30	1	30	44X15977398
2968	24	1	36	44X15978886
2969	17	1	43	44X15983165
2970	25	1	35	44X16030685
2971	20	1	40	44X16032273
2972	9	1	51	44X16041335
2973	19	1	41	44X16055222
2974	23	1	37	44X16088799
2975	27	1	33	44X16123453
2976	26	1	34	44X16128352
2977	24	1	36	44X16131925
2978	18	1	42	44X16131957
2979	15	1	45	44X16159731
2980	29	1	31	44X16169433
2981	30	1	30	44X16222855
2982	27	1	33	44X16238052
2983	8	1	52	45X16244562
2984	13	1	47	45X16244692
2985	12	1	48	45X16244764
2986	12	1	48	45X16244768
2987	8	1	52	45X16244863
2988	12	1	48	45X16244926
2989	18	1	42	45X16245206
2990	9	1	51	45X16245277
2991	10	1	50	45X16245711
2992	13	1	47	45X16245713
2993	17	1	43	45X16246150
2994	12	1	48	45X16246433
2995	6	1	54	45X16246923
2996	17	1	43	45X16247178
2997	10	1	50	45X16247337
2998	4	1	56	45X16247474
2999	7	1	53	45X16247543
3000	16	1	44	45X16247634
3001	10	1	50	45X16247656
3002	20	1	40	45X16247681
3003	10	1	50	45X16247741
3004	11	1	49	45X16247906
3005	12	1	48	45X16248387
3006	11	1	49	45X16248495
3007	7	1	53	45X16249557
3008	17	1	43	45X16249949
3009	10	1	50	45X16250269
3010	10	1	50	45X16250274
3011	9	1	51	45X16250709
3012	11	1	49	45X16251021
3013	8	1	52	45X16251250
3014	15	1	45	45X16251373
3015	8	1	52	45X16251741
3016	13	1	47	45X16251913
3017	7	1	53	45X16252172
3018	11	1	49	45X16252516
3019	6	1	54	45X16252539
3020	11	1	49	45X16252684
3021	9	1	51	45X16253095
3022	12	1	48	45X16253808
3023	11	1	49	45X16253887
3024	18	1	42	45X16254017
3025	8	1	52	45X16254518
3026	11	1	49	45X16254780
3027	12	1	48	45X16254879
3028	6	1	54	45X16254888
3029	12	1	48	45X16255351
3030	20	1	40	45X16255566
3031	9	1	51	45X16256111
3032	17	1	43	45X16256470
3033	6	1	54	45X16256774
3034	15	1	45	45X16256794
3035	5	1	55	45X16256830
3036	7	1	53	45X16256967
3037	22	1	38	45X16257021
3038	10	1	50	45X16257624
3039	18	1	42	45X16258065
3040	16	1	44	45X16258129
3041	8	1	52	45X16258222
3042	14	1	46	45X16258305
3043	9	1	51	45X16258702
3044	11	1	49	45X16259133
3045	11	1	49	45X16259681
3046	15	1	45	45X16259936
3047	9	1	51	45X16260030
3048	17	1	43	45X16260196
3049	17	1	43	45X16260267
3050	16	1	44	45X16260271
3051	7	1	53	45X16260358
3052	13	1	47	45X16260396
3053	6	1	54	45X16260571
3054	8	1	52	45X16260835
3055	6	1	54	45X16260862
3056	9	1	51	45X16261635
3057	17	1	43	45X16261976
3058	12	1	48	45X16262234
3059	20	1	40	45X16262254
3060	10	1	50	45X16262332
3061	11	1	49	45X16262941
3062	9	1	51	45X16263874
3063	30	1	30	46X16265679
3064	6	1	54	46X16270691
3065	12	1	48	46X16296576
3066	28	1	32	46X16356395
3067	25	1	35	46X16359646
3068	41	1	19	46X16369363
3069	32	1	28	46X16392542
3070	34	1	26	46X16396435
3071	23	1	37	46X16411160
3072	34	1	26	46X16441071
3073	16	1	44	46X16443342
3074	16	1	44	46X16443551
3075	14	1	46	46X16471463
3076	31	1	29	46X16495551
3077	33	1	27	46X16505612
3078	30	1	30	46X16512115
3079	30	1	30	46X16557889
3080	36	1	24	46X16557893
3081	37	1	23	46X16568933
3082	31	1	29	46X16570200
3083	37	1	23	46X16570207
3084	10	1	50	46X16579188
3085	6	1	54	46X16583148
3086	27	1	33	46X16584567
3087	37	1	23	46X16598520
3088	15	1	45	46X16606616
3089	32	1	28	46X16628107
3090	19	1	41	46X16639628
3091	29	1	31	46X16643084
3092	12	1	48	46X16648166
3093	34	1	26	46X16693262
3094	31	1	29	46X16709168
3095	30	1	30	46X16718681
3096	21	1	39	46X16720351
3097	36	1	24	46X16729407
3098	28	1	32	46X16740574
3099	27	1	33	46X16743132
3100	45	1	15	46X16754766
3101	31	1	29	46X16774783
3102	39	1	21	46X16784520
3103	36	1	24	46X16796241
3104	7	1	53	46X16803829
3105	34	1	26	46X16814388
3106	29	1	31	46X16828306
3107	13	1	47	46X16846442
3108	34	1	26	46X16854063
3109	31	1	29	46X16867137
3110	8	1	52	46X16874742
3111	22	1	38	46X16889776
3112	37	1	23	46X16890295
3113	41	1	19	46X16895382
3114	7	1	53	46X16950140
3115	29	1	31	46X16955786
3116	35	1	25	46X16959352
3117	27	1	33	46X16966473
3118	13	1	47	46X16973353
3119	31	1	29	46X16990389
3120	13	1	47	46X16996310
3121	35	1	25	46X16999467
3122	18	1	42	46X17026619
3123	30	1	30	46X17036614
3124	38	1	22	46X17048526
3125	22	1	38	46X17083051
3126	27	1	33	46X17084239
3127	21	1	39	46X17092776
3128	39	1	21	46X17106269
3129	44	1	16	46X17127251
3130	35	1	25	46X17134305
3131	47	1	13	46X17134711
3132	34	1	26	46X17162240
3133	41	1	19	46X17164663
3134	29	1	31	46X17169171
3135	35	1	25	46X17169264
3136	39	1	21	46X17187985
3137	18	1	42	46X17188768
3138	19	1	41	46X17233295
3139	17	1	43	46X17237028
3140	36	1	24	46X17237779
3141	32	1	28	46X17238803
3142	41	1	19	46X17248612
3143	44	1	16	46X17253491
3144	12	1	48	46X17274469
3145	36	1	24	46X17277835
3146	44	1	16	46X17286382
3147	28	1	32	46X17287669
3148	27	1	33	46X17294113
3149	29	1	31	46X17298061
3150	37	1	23	46X17320283
3151	21	1	39	46X17335866
3152	21	1	39	46X17335967
3153	29	1	31	46X17348875
3154	32	1	28	46X17390641
3155	44	1	16	46X17395529
3156	27	1	33	46X17443320
3157	31	1	29	46X17444945
3158	30	1	30	46X17455980
3159	40	1	20	46X17480258
3160	9	1	51	46X17491552
3161	4	1	56	46X17494111
3162	14	1	46	46X17495972
3163	27	1	33	46X17507503
3164	32	1	28	46X17518146
3165	34	1	26	46X17527855
3166	21	1	39	46X17546890
3167	22	1	38	46X17568110
3168	21	1	39	46X17568122
3169	21	1	39	46X17568144
3170	19	1	41	46X17568179
3171	21	1	39	46X17568196
3172	29	1	31	46X17577676
3173	32	1	28	46X17579562
3174	13	1	47	46X17630475
3175	30	1	30	46X17637436
3176	31	1	29	46X17668672
3177	11	1	49	48X18739787
3178	8	1	52	48X18740178
3179	5	1	55	48X18740658
3180	20	1	40	48X18740900
3181	9	1	51	48X18741414
3182	27	1	33	48X18742766
3183	9	1	51	48X18743112
3184	8	1	52	48X18743156
3185	4	1	56	48X18744587
3186	8	1	52	48X18745851
3187	27	1	33	48X18746515
3188	13	1	47	48X18747326
3189	10	1	50	48X18749700
3190	27	1	33	48X18750904
3191	22	1	38	48X18751165
3192	13	1	47	48X18751208
3193	8	1	52	48X18753217
3194	15	1	45	48X18754037
3195	18	1	42	48X18755619
3196	9	1	51	48X18755951
3197	27	1	33	48X18757171
3198	16	1	44	48X18758406
3199	24	1	36	48X18758726
3200	11	1	49	48X18758742
3201	5	1	55	48X18759580
3202	9	1	51	48X18761284
3203	13	1	47	48X18761308
3204	27	1	33	48X18762037
3205	12	1	48	48X18762616
3206	27	1	33	48X18763234
3207	15	1	45	48X18763667
3208	6	1	54	48X18764032
3209	19	1	41	48X18764800
3210	19	1	41	49X18765889
3211	20	1	40	49X18766182
3212	38	1	22	49X18766210
3213	25	1	35	49X18766636
3214	36	1	24	49X18767143
3215	20	1	40	49X18767184
3216	16	1	44	49X18767489
3217	17	1	43	49X18768222
3218	17	1	43	49X18768367
3219	16	1	44	49X18768503
3220	15	1	45	49X18768587
3221	41	1	19	49X18768600
3222	22	1	38	49X18768616
3223	14	1	46	49X18768684
3224	20	1	40	49X18768993
3225	27	1	33	49X18769623
3226	40	1	20	49X18769723
3227	11	1	49	49X18771479
3228	10	1	50	49X18771694
3229	4	1	56	50X18773102
3230	18	1	42	50X18774361
3231	6	1	54	50X18774758
3232	14	1	46	50X18774804
3233	9	1	51	50X18774988
3234	10	1	50	50X18777249
3235	8	1	52	50X18777280
3236	14	1	46	50X18777648
3237	13	1	47	50X18778091
3238	22	1	38	50X18778373
3239	16	1	44	50X18780253
3240	19	1	41	50X18781115
3241	14	1	46	50X18781209
3242	8	1	52	50X18781509
3243	9	1	51	50X18783172
3244	15	1	45	50X18784635
3245	27	1	33	50X18784906
3246	33	1	27	50X18785492
3247	19	1	41	50X18785684
3248	13	1	47	50X18786325
3249	14	1	46	50X18786327
3250	11	1	49	50X18786514
3251	18	1	42	50X18787595
3252	9	1	51	50X18787695
3253	11	1	49	50X18788149
3254	13	1	47	50X18788803
3255	9	1	51	50X18789021
3256	30	1	30	50X18789492
3257	33	1	27	51X18790150
3258	29	1	31	51X18790337
3259	25	1	35	51X18790359
3260	12	1	48	51X18790369
3261	12	1	48	51X18790500
3262	24	1	36	51X18790868
3263	24	1	36	51X18790887
3264	24	1	36	51X18790899
3265	14	1	46	51X18791059
3266	33	1	27	51X18791321
3267	16	1	44	51X18791813
3268	12	1	48	51X18791872
3269	33	1	27	51X18792029
3270	27	1	33	51X18792949
3271	26	1	34	51X18792952
3272	10	1	50	51X18793227
3273	11	1	49	51X18793307
3274	10	1	50	51X18793316
3275	22	1	38	51X18793333
3276	12	1	48	51X18793513
3277	12	1	48	52X18795461
3278	15	1	45	52X18796168
3279	11	1	49	52X18796884
3280	5	1	55	52X18797183
3281	6	1	54	52X18797239
3282	17	1	43	52X18798796
3283	9	1	51	52X18798886
3284	8	1	52	52X18799199
3285	19	1	41	52X18799398
3286	22	1	38	52X18799645
3287	7	1	53	52X18799847
3288	32	1	28	52X18799910
3289	8	1	52	52X18800462
3290	16	1	44	52X18800963
3291	14	1	46	52X18801410
3292	9	1	51	52X18801857
3293	14	1	46	52X18802721
3294	14	1	46	52X18803762
3295	21	1	39	52X18804287
3296	6	1	54	52X18804432
3297	17	1	43	52X18804670
3298	15	1	45	52X18804833
3299	12	1	48	53X18812797
3300	8	1	52	53X18829915
3301	13	1	47	53X18830106
3302	13	1	47	53X18830124
3303	10	1	50	53X18837093
3304	8	1	52	53X18848744
3305	13	1	47	53X18850866
3306	5	1	55	53X18851318
3307	9	1	51	53X18852791
3308	6	1	54	53X18852843
3309	9	1	51	53X18854303
3310	22	1	38	53X18862339
3311	16	1	44	53X18862615
3312	19	1	41	53X18865837
3313	7	1	53	53X18866616
3314	7	1	53	53X18869409
3315	22	1	38	53X18870288
3316	23	1	37	53X18873915
3317	22	1	38	53X18885236
3318	9	1	51	53X18888773
3319	20	1	40	53X18890157
3320	10	1	50	53X18895255
3321	10	1	50	53X18895279
3322	23	1	37	53X18904136
3323	19	1	41	53X18904508
3324	16	1	44	53X18913829
3325	6	1	54	53X18914315
3326	23	1	37	53X18931786
3327	15	1	45	53X18941433
3328	21	1	39	53X18942307
3329	19	1	41	53X18948453
3330	23	1	37	53X18961527
3331	23	1	37	53X18961543
3332	23	1	37	53X18966936
3333	23	1	37	53X18967007
3334	23	1	37	53X18968821
3335	20	1	40	53X18975185
3336	10	1	50	53X18976304
3337	13	1	47	53X18980736
3338	16	1	44	53X18981810
3339	19	1	41	53X18981845
3340	21	1	39	53X18985265
3341	22	1	38	53X18987449
3342	22	1	38	53X18987485
3343	23	1	37	53X18987660
3344	23	1	37	53X18988956
3345	20	1	40	53X18995264
3346	13	1	47	53X19003897
3347	21	1	39	53X19006430
3348	23	1	37	53X19016107
3349	14	1	46	53X19016123
3350	23	1	37	53X19018099
3351	23	1	37	53X19020115
3352	21	1	39	53X19031101
3353	23	1	37	53X19040286
3354	18	1	42	53X19054550
3355	20	1	40	53X19060649
3356	21	1	39	53X19061607
3357	9	1	51	53X19071523
3358	22	1	38	53X19086081
3359	8	1	52	53X19096263
3360	6	1	54	53X19104144
3361	12	1	48	53X19105472
3362	14	1	46	53X19108943
3363	6	1	54	53X19111808
3364	8	1	52	53X19114070
3365	22	1	38	53X19115724
3366	20	1	40	53X19121289
3367	20	1	40	53X19124273
3368	22	1	38	53X19133727
3369	17	1	43	53X19133741
3370	23	1	37	53X19141367
3371	18	1	42	53X19144634
3372	22	1	38	53X19145270
3373	23	1	37	53X19149285
3374	13	1	47	53X19155973
3375	23	1	37	53X19156092
3376	23	1	37	53X19162057
3377	23	1	37	53X19174556
3378	23	1	37	53X19176518
3379	11	1	49	53X19178175
3380	22	1	38	53X19179595
3381	10	1	50	53X19181381
3382	10	1	50	53X19181383
3383	23	1	37	53X19185807
3384	11	1	49	53X19187798
3385	7	1	53	53X19188660
3386	21	1	39	53X19189124
3387	7	1	53	53X19190920
3388	5	1	55	53X19195397
3389	10	1	50	53X19201973
3390	20	1	40	53X19209524
3391	10	1	50	53X19213084
3392	6	1	54	53X19221459
3393	9	1	51	53X19221460
3394	18	1	42	53X19232247
3395	16	1	44	53X19239796
3396	13	1	47	53X19249003
3397	12	1	48	53X19250427
3398	9	1	51	53X19276072
3399	19	1	41	53X19278334
3400	11	1	49	53X19286063
3401	12	1	48	53X19300624
3402	23	1	37	53X19302638
3403	6	1	54	53X19316370
3404	10	1	50	54X19323719
3405	8	1	52	54X19324551
3406	7	1	53	54X19327326
3407	9	1	51	54X19330031
3408	11	1	49	54X19331132
3409	7	1	53	54X19332316
3410	11	1	49	54X19337574
3411	11	1	49	54X19337575
3412	11	1	49	54X19337576
3413	6	1	54	54X19353994
3414	13	1	47	54X19356407
3415	8	1	52	54X19357440
3416	11	1	49	54X19358095
3417	12	1	48	54X19358478
3418	11	1	49	54X19358889
3419	9	1	51	54X19363467
3420	13	1	47	54X19364048
3421	9	1	51	54X19367263
3422	8	1	52	54X19375391
3423	8	1	52	54X19376098
3424	11	1	49	54X19376100
3425	10	1	50	54X19384038
3426	8	1	52	54X19389022
3427	10	1	50	54X19389907
3428	9	1	51	54X19392148
3429	12	1	48	54X19393573
3430	9	1	51	54X19396012
3431	10	1	50	54X19396277
3432	7	1	53	54X19398132
3433	10	1	50	54X19400469
3434	7	1	53	54X19415062
3435	11	1	49	54X19427858
3436	11	1	49	54X19427859
3437	12	1	48	54X19427860
3438	7	1	53	54X19432404
3439	6	1	54	54X19438638
3440	11	1	49	54X19441092
3441	12	1	48	54X19441093
3442	7	1	53	54X19441198
3443	12	1	48	54X19444324
3444	9	1	51	54X19453160
3445	8	1	52	54X19453425
3446	9	1	51	54X19456566
3447	9	1	51	54X19461622
3448	8	1	52	54X19463218
3449	6	1	54	54X19463996
3450	6	1	54	54X19469095
3451	9	1	51	54X19470669
3452	12	1	48	55X19477877
3453	14	1	46	55X19478217
3454	13	1	47	55X19478509
3455	9	1	51	55X19479588
3456	6	1	54	55X19480106
3457	8	1	52	55X19482822
3458	11	1	49	55X19484121
3459	9	1	51	55X19484472
3460	10	1	50	55X19484720
3461	9	1	51	55X19485809
3462	13	1	47	55X19487702
3463	13	1	47	55X19489218
3464	14	1	46	55X19489483
3465	14	1	46	55X19489525
3466	7	1	53	55X19492809
3467	10	1	50	55X19493492
3468	14	1	46	55X19493958
3469	8	1	52	55X19495097
3470	15	1	45	55X19495635
3471	9	1	51	55X19496092
3472	13	1	47	55X19496241
3473	15	1	45	55X19496749
3474	12	1	48	55X19496840
3475	13	1	47	55X19497424
3476	7	1	53	55X19497444
3477	14	1	46	55X19498307
3478	11	1	49	55X19498324
3479	7	1	53	55X19498655
3480	14	1	46	55X19498905
3481	10	1	50	55X19499325
3482	13	1	47	55X19499453
3483	11	1	49	55X19500291
3484	10	1	50	55X19500690
3485	14	1	46	55X19501374
3486	15	1	45	55X19502186
3487	11	1	49	55X19503566
3488	13	1	47	55X19504013
3489	13	1	47	55X19504118
3490	10	1	50	55X19504511
3491	11	1	49	55X19504554
3492	10	1	50	55X19505067
3493	11	1	49	55X19506288
3494	9	1	51	55X19506400
3495	10	1	50	55X19507105
3496	7	1	53	55X19507106
3497	15	1	45	55X19507563
3498	11	1	49	55X19507637
3499	12	1	48	55X19508366
3500	8	1	52	55X19509999
3501	14	1	46	55X19512679
3502	14	1	46	55X19513063
3503	14	1	46	55X19513389
3504	7	1	53	55X19515263
3505	7	1	53	55X19515991
3506	12	1	48	55X19516463
3507	12	1	48	55X19517480
3508	10	1	50	55X19517511
3509	11	1	49	55X19517549
3510	11	1	49	55X19517550
3511	14	1	46	55X19517904
3512	12	1	48	55X19518828
3513	10	1	50	55X19519439
3514	14	1	46	55X19519448
3515	14	1	46	55X19520617
3516	11	1	49	55X19521292
3517	14	1	46	55X19525440
3518	14	1	46	55X19526875
3519	15	1	45	55X19530101
3520	9	1	51	55X19531487
3521	12	1	48	55X19535224
3522	15	1	45	55X19535659
3523	7	1	53	55X19535754
3524	15	1	45	55X19535789
3525	12	1	48	55X19536582
3526	13	1	47	55X19537095
3527	9	1	51	55X19537622
3528	8	1	52	55X19540781
3529	12	1	48	55X19541182
3530	11	1	49	55X19543411
3531	8	1	52	55X19546178
3532	14	1	46	55X19546190
3533	14	1	46	55X19546820
3534	12	1	48	55X19547521
3535	15	1	45	55X19547834
3536	14	1	46	55X19548732
3537	12	1	48	55X19548868
3538	7	1	53	55X19549718
3539	6	1	54	55X19549962
3540	10	1	50	55X19550242
3541	11	1	49	55X19550403
3542	14	1	46	55X19551341
3543	13	1	47	55X19551347
3544	13	1	47	55X19551389
3545	12	1	48	55X19552078
3546	11	1	49	55X19552878
3547	12	1	48	55X19552963
3548	15	1	45	55X19554004
3549	9	1	51	55X19554499
3550	13	1	47	55X19555033
3551	6	1	54	55X19555563
3552	6	1	54	55X19555785
3553	8	1	52	55X19555792
3554	12	1	48	55X19556169
3555	9	1	51	55X19556240
3556	6	1	54	55X19556278
3557	9	1	51	55X19556354
3558	12	1	48	55X19556691
3559	11	1	49	55X19556713
3560	8	1	52	55X19556892
3561	13	1	47	55X19557122
3562	8	1	52	55X19557544
3563	13	1	47	56X19558778
3564	16	1	44	56X19560145
3565	12	1	48	56X19564955
3566	15	1	45	56X19565290
3567	19	1	41	56X19565377
3568	21	1	39	56X19565504
3569	4	1	56	56X19566915
3570	21	1	39	56X19570013
3571	22	1	38	56X19570209
3572	16	1	44	56X19570457
3573	6	1	54	56X19573386
3574	18	1	42	56X19573887
3575	6	1	54	56X19574870
3576	22	1	38	56X19575227
3577	17	1	43	56X19579664
3578	6	1	54	56X19583389
3579	20	1	40	56X19586642
3580	10	1	50	56X19587125
3581	9	1	51	56X19587491
3582	17	1	43	56X19589822
3583	19	1	41	56X19591745
3584	18	1	42	56X19591937
3585	21	1	39	56X19591940
3586	10	1	50	56X19592659
3587	11	1	49	56X19593160
3588	21	1	39	56X19595478
3589	7	1	53	56X19596830
3590	21	1	39	56X19598354
3591	9	1	51	56X19601403
3592	16	1	44	56X19603164
3593	11	1	49	56X19603829
3594	20	1	40	56X19607859
3595	6	1	54	56X19608423
3596	19	1	41	56X19609889
3597	9	1	51	56X19612077
3598	7	1	53	56X19612849
3599	6	1	54	56X19613152
3600	8	1	52	56X19621462
3601	9	1	51	56X19623813
3602	9	1	51	58X19877826
3603	11	1	49	58X19879972
3604	15	1	45	58X19881362
3605	13	1	47	58X19883087
3606	11	1	49	58X19883907
3607	22	1	38	58X19885752
3608	11	1	49	58X19886493
3609	26	1	34	58X19887155
3610	10	1	50	58X19887545
3611	20	1	40	58X19887990
3612	14	1	46	58X19889940
3613	21	1	39	58X19889962
3614	14	1	46	58X19890859
3615	12	1	48	58X19895848
3616	17	1	43	58X19895875
3617	20	1	40	58X19898653
3618	14	1	46	58X19902079
3619	24	1	36	58X19902657
3620	21	1	39	58X19903010
3621	14	1	46	58X19903305
3622	25	1	35	58X19905823
3623	25	1	35	59X19907496
3624	57	1	3	59X19908428
3625	47	1	13	59X19908652
3626	43	1	17	59X19908725
3627	47	1	13	59X19908872
3628	46	1	14	59X19909035
3629	28	1	32	59X19909079
3630	52	1	8	59X19909314
3631	56	1	4	59X19910543
3632	57	1	3	59X19910556
3633	51	1	9	59X19911143
3634	49	1	11	60X19912188
3635	43	1	17	60X19912702
3636	15	1	45	60X19914781
3637	51	1	9	60X19915469
3638	5	1	55	62X19916133
3639	25	1	35	62X19916286
3640	7	1	53	62X19916419
3641	23	1	37	62X19916651
3642	18	1	42	62X19916748
3643	22	1	38	62X19916754
3644	25	1	35	62X19917073
3645	8	1	52	62X19917096
3646	28	1	32	62X19918139
3647	27	1	33	62X19918298
3648	10	1	50	62X19918406
3649	8	1	52	62X19918524
3650	14	1	46	62X19918785
3651	16	1	44	62X19918846
3652	39	1	21	62X19918945
3653	20	1	40	62X19918949
3654	20	1	40	62X19918992
3655	27	1	33	65X21322480
3656	57	1	3	65X21357312
3657	57	1	3	65X21367172
3658	58	1	2	65X21405074
3659	57	1	3	65X21480856
3660	56	1	4	65X21513967
3661	22	1	38	65X21519553
3662	23	1	37	65X21526365
3663	51	1	9	65X21529865
3664	29	1	31	65X21543469
3665	52	1	8	65X21563429
3666	58	1	2	65X21565375
3667	53	1	7	65X21600175
3668	24	1	36	65X21606357
3669	31	1	29	66X21656722
3670	28	1	32	66X21666185
3671	33	1	27	66X21667536
3672	55	1	5	66X21693042
3673	32	1	28	66X21700087
3674	46	1	14	66X21700851
3675	29	1	31	66X21703726
3676	47	1	13	66X21704576
3677	30	1	30	66X21711928
3678	24	1	36	66X21711970
3679	31	1	29	66X21730507
3680	58	1	2	66X21734173
3681	25	1	35	66X21745566
3682	34	1	26	66X21751845
3683	45	1	15	66X21751852
3684	49	1	11	66X21754296
3685	57	1	3	66X21754433
3686	43	1	17	66X21765396
3687	28	1	32	66X21774510
3688	27	1	33	66X21774512
3689	24	1	36	66X21774514
3690	10	1	50	66X21776274
3691	9	1	51	66X21781640
3692	9	1	51	66X21781664
3693	13	1	47	66X21781666
3694	9	1	51	66X21781697
3695	28	1	32	66X21788472
3696	26	1	34	66X21811466
3697	10	1	50	66X21812454
3698	29	1	31	66X21816432
3699	25	1	35	66X21826681
3700	26	1	34	66X21826742
3701	26	1	34	66X21826775
3702	21	1	39	66X21835308
3703	26	1	34	66X21835806
3704	22	1	38	66X21835809
3705	10	1	50	66X21835810
3706	23	1	37	66X21835854
3707	40	1	20	66X21852603
3708	29	1	31	66X21852634
3709	37	1	23	66X21855449
3710	54	1	6	66X21857031
3711	16	1	44	66X21861176
3712	46	1	14	66X21861177
3713	29	1	31	66X21876552
3714	29	1	31	66X21876561
3715	33	1	27	66X21878728
3716	17	1	43	66X21887492
3717	30	1	30	66X21889099
3718	30	1	30	66X21892417
3719	40	1	20	66X21892418
3720	15	1	45	66X21893315
3721	21	1	39	66X21893322
3722	50	1	10	66X21898545
3723	11	1	49	66X21898648
3724	26	1	34	66X21900289
3725	32	1	28	66X21916673
3726	52	1	8	66X21937169
3727	40	1	20	66X21942843
3728	34	1	26	66X21944448
3729	52	1	8	66X21946061
3730	35	1	25	66X21957436
3731	31	1	29	66X21958644
3732	26	1	34	66X21962827
3733	29	1	31	66X21962828
3734	26	1	34	66X21962830
3735	30	1	30	66X21962831
3736	41	1	19	66X21967612
3737	12	1	48	66X21968454
3738	22	1	38	66X21968523
3739	11	1	49	66X21968524
3740	38	1	22	66X21969177
3741	34	1	26	66X21971805
3742	24	1	36	66X21974201
3743	41	1	19	66X21980411
3744	36	1	24	66X21983856
3745	11	1	49	66X21992000
3746	15	1	45	66X22002372
3747	17	1	43	66X22003247
3748	56	1	4	66X22024398
3749	28	1	32	66X22038620
3750	18	1	42	66X22038622
3751	18	1	42	66X22038629
3752	24	1	36	66X22038634
3753	8	1	52	67X22040256
3754	16	1	44	67X22043981
3755	10	1	50	67X22048713
3756	22	1	38	67X22052772
3757	15	1	45	67X22052948
3758	19	1	41	67X22055528
3759	14	1	46	67X22056200
3760	15	1	45	67X22059468
3761	14	1	46	67X22059686
3762	18	1	42	67X22059728
3763	18	1	42	67X22060898
3764	22	1	38	67X22067803
3765	10	1	50	67X22070646
3766	7	1	53	67X22072973
3767	13	1	47	67X22074727
3768	18	1	42	67X22078260
3769	13	1	47	67X22078312
3770	16	1	44	67X22079124
3771	20	1	40	67X22079277
3772	16	1	44	67X22080325
3773	21	1	39	67X22080953
3774	18	1	42	67X22082238
3775	17	1	43	67X22082252
3776	22	1	38	67X22083827
3777	15	1	45	67X22091193
3778	19	1	41	67X22091293
3779	18	1	42	67X22093205
3780	22	1	38	67X22093862
3781	13	1	47	67X22094019
3782	22	1	38	67X22094083
3783	18	1	42	67X22094438
3784	9	1	51	67X22098732
3785	14	1	46	67X22099237
3786	19	1	41	67X22102999
3787	12	1	48	67X22105424
3788	10	1	50	67X22109443
3789	20	1	40	67X22109922
3790	11	1	49	67X22111036
3791	18	1	42	67X22112308
3792	11	1	49	67X22113897
3793	18	1	42	67X22116702
3794	14	1	46	67X22118203
3795	18	1	42	67X22121311
3796	17	1	43	67X22122173
3797	18	1	42	67X22123267
3798	14	1	46	67X22123942
3799	12	1	48	67X22124195
3800	7	1	53	67X22125997
3801	16	1	44	67X22129368
3802	9	1	51	67X22130274
3803	19	1	41	67X22130544
3804	19	1	41	67X22131438
3805	18	1	42	67X22132099
3806	22	1	38	67X22132302
3807	17	1	43	67X22133117
3808	16	1	44	67X22133328
3809	12	1	48	67X22138840
3810	14	1	46	67X22139819
3811	12	1	48	67X22140885
3812	22	1	38	67X22141811
3813	17	1	43	67X22141850
3814	18	1	42	67X22145310
3815	12	1	48	67X22145768
3816	21	1	39	67X22148773
3817	12	1	48	67X22153790
3818	16	1	44	67X22154414
3819	8	1	52	67X22154544
3820	14	1	46	67X22154578
3821	19	1	41	67X22156274
3822	12	1	48	67X22156788
3823	18	1	42	67X22159471
3824	16	1	44	67X22163234
3825	18	1	42	67X22165056
3826	15	1	45	67X22167534
3827	16	1	44	67X22167538
3828	10	1	50	67X22168198
3829	20	1	40	67X22169178
3830	8	1	52	67X22172248
3831	18	1	42	67X22172816
3832	17	1	43	67X22177052
3833	18	1	42	67X22180967
3834	16	1	44	67X22181790
3835	13	1	47	67X22184672
3836	14	1	46	67X22186504
3837	14	1	46	67X22191276
3838	12	1	48	67X22192218
3839	22	1	38	67X22195651
3840	22	1	38	67X22195787
3841	22	1	38	67X22195872
3842	22	1	38	67X22197666
3843	18	1	42	67X22198150
3844	18	1	42	67X22198151
3845	18	1	42	67X22199348
3846	19	1	41	67X22200351
3847	17	1	43	67X22200392
3848	20	1	40	67X22203097
3849	19	1	41	67X22203479
3850	17	1	43	67X22203502
3851	15	1	45	67X22203610
3852	20	1	40	67X22203850
3853	14	1	46	67X22204738
3854	22	1	38	67X22206541
3855	22	1	38	67X22209731
3856	9	1	51	67X22213268
3857	18	1	42	67X22215057
3858	12	1	48	67X22215992
3859	20	1	40	67X22217796
3860	12	1	48	67X22218535
3861	18	1	42	67X22218719
3862	19	1	41	67X22219211
3863	18	1	42	67X22223793
3864	21	1	39	67X22223889
3865	20	1	40	67X22225341
3866	8	1	52	67X22225919
3867	7	1	53	67X22227421
3868	12	1	48	67X22228019
3869	20	1	40	67X22235422
3870	16	1	44	67X22236636
3871	22	1	38	67X22236753
3872	18	1	42	67X22243626
3873	18	1	42	67X22244316
3874	18	1	42	67X22248374
3875	20	1	40	67X22250736
3876	13	1	47	67X22250864
3877	12	1	48	67X22251825
3878	18	1	42	67X22253628
3879	15	1	45	67X22254276
3880	13	1	47	67X22255133
3881	22	1	38	67X22255219
3882	19	1	41	67X22257211
3883	21	1	39	67X22258825
3884	22	1	38	67X22259198
3885	18	1	42	67X22261486
3886	18	1	42	67X22261629
3887	30	1	30	68X22262730
3888	32	1	28	68X22263898
3889	6	1	54	68X22265853
3890	9	1	51	68X22275789
3891	28	1	32	68X22276423
3892	30	1	30	68X22291810
3893	30	1	30	68X22300843
3894	31	1	29	68X22301754
3895	8	1	52	68X22322523
3896	21	1	39	68X22322532
3897	31	1	29	68X22325135
3898	18	1	42	68X22330708
3899	30	1	30	68X22331824
3900	18	1	42	68X22345196
3901	33	1	27	68X22357213
3902	32	1	28	68X22362131
3903	14	1	46	68X22362133
3904	34	1	26	68X22366573
3905	25	1	35	68X22374553
3906	30	1	30	68X22379470
3907	12	1	48	68X22388053
3908	28	1	32	68X22393194
3909	19	1	41	68X22412957
3910	26	1	34	68X22428323
3911	24	1	36	68X22433105
3912	9	1	51	68X22445756
3913	32	1	28	68X22465079
3914	21	1	39	68X22465474
3915	29	1	31	68X22470688
3916	21	1	39	68X22471381
3917	28	1	32	68X22492909
3918	32	1	28	68X22500839
3919	33	1	27	68X22503034
3920	18	1	42	68X22513877
3921	26	1	34	68X22516492
3922	13	1	47	68X22524809
3923	31	1	29	68X22547872
3924	11	1	49	68X22555205
3925	4	1	56	68X22559285
3926	11	1	49	68X22564174
3927	32	1	28	68X22570413
3928	32	1	28	68X22572955
3929	25	1	35	68X22586157
3930	31	1	29	68X22586165
3931	33	1	27	68X22592568
3932	18	1	42	68X22593860
3933	30	1	30	68X22594110
3934	27	1	33	68X22596303
3935	30	1	30	68X22597860
3936	31	1	29	68X22603182
3937	19	1	41	68X22604046
3938	24	1	36	68X22609520
3939	18	1	42	68X22615178
3940	31	1	29	68X22615443
3941	32	1	28	68X22621779
3942	10	1	50	68X22631023
3943	32	1	28	68X22637689
3944	33	1	27	68X22639222
3945	32	1	28	68X22642405
3946	31	1	29	68X22644570
3947	33	1	27	68X22646610
3948	31	1	29	68X22651986
3949	31	1	29	68X22666685
3950	31	1	29	68X22671628
3951	28	1	32	68X22673638
3952	26	1	34	68X22675717
3953	27	1	33	68X22676129
3954	29	1	31	68X22693453
3955	22	1	38	68X22693476
3956	25	1	35	68X22699361
3957	30	1	30	68X22705284
3958	27	1	33	68X22713689
3959	12	1	48	68X22717652
3960	30	1	30	68X22727310
3961	28	1	32	68X22728265
3962	16	1	44	68X22750089
3963	20	1	40	68X22772401
3964	10	1	50	68X22776065
3965	32	1	28	68X22783026
3966	7	1	53	68X22800551
3967	27	1	33	68X22805517
3968	16	1	44	68X22807866
3969	5	1	55	68X22815451
3970	33	1	27	68X22826506
3971	30	1	30	68X22832506
3972	15	1	45	68X22834812
3973	27	1	33	68X22842396
3974	29	1	31	68X22847402
3975	23	1	37	68X22849747
3976	31	1	29	68X22851566
3977	25	1	35	68X22853459
3978	26	1	34	68X22853686
3979	19	1	41	68X22855253
3980	33	1	27	68X22860944
3981	23	1	37	68X22871282
3982	33	1	27	68X22872657
3983	54	1	6	69X22876911
3984	57	1	3	69X22880881
3985	27	1	33	69X22884224
3986	29	1	31	69X22884958
3987	44	1	16	69X22885149
3988	57	1	3	69X22885481
3989	28	1	32	69X22886657
3990	58	1	2	69X22888154
3991	28	1	32	69X22888476
