X1	X2	file	rsquared
1	1	2	1_2_model.rda	0.0516868033288892
2	1	3	1_3_model.rda	0.874935044401402
3	1	4	1_4_model.rda	0.874153819308673
4	1	5	1_5_model.rda	0.08929334603724
5	1	6	1_6_model.rda	0.917275293552661
6	1	7	1_7_model.rda	0.852819246752054
7	1	8	1_8_model.rda	0.675326777005425
8	1	9	1_9_model.rda	0.747574168046911
9	1	10	1_10_model.rda	0.69354141739922
10	1	11	1_11_model.rda	0.708168821628062
11	1	12	1_12_model.rda	0.689521749125025
12	1	13	1_13_model.rda	0.482706052125363
13	1	14	1_14_model.rda	0.881830316342518
14	1	15	1_15_model.rda	0.904475149971118
15	1	16	1_16_model.rda	0.391299144842559
16	1	17	1_17_model.rda	0.839203213785034
17	1	18	1_18_model.rda	0.295835963219095
18	1	19	1_19_model.rda	0.535163951039945
19	1	20	1_20_model.rda	0.737140642494732
20	1	21	1_21_model.rda	0.861591424621691
21	1	22	1_22_model.rda	0.754013192688297
22	1	24	1_24_model.rda	0.469500124807908
23	1	25	1_25_model.rda	0.493043413247784
24	1	26	1_26_model.rda	0.640982645392119
25	1	27	1_27_model.rda	0.636377416293773
26	1	28	1_28_model.rda	0.201010072125422
27	1	30	1_30_model.rda	0.8715631193278
28	1	31	1_31_model.rda	0.542656710388949
29	1	32	1_32_model.rda	0.610763593020936
30	1	33	1_33_model.rda	0.0704758061875792
31	1	34	1_34_model.rda	0.68267292148957
32	1	35	1_35_model.rda	0.554017920798934
33	1	36	1_36_model.rda	0.0534710507867922
34	1	37	1_37_model.rda	0.808483691855693
35	1	38	1_38_model.rda	0.439380877248203
36	1	39	1_39_model.rda	0.625390950610831
37	1	41	1_41_model.rda	0.823510158317823
38	1	42	1_42_model.rda	0.524422773138587
39	1	43	1_43_model.rda	0.664808216758693
40	1	44	1_44_model.rda	0.84361758243959
41	1	45	1_45_model.rda	0.338337026737134
42	1	46	1_46_model.rda	0.883521858082374
43	1	48	1_48_model.rda	0.275967194105233
44	1	49	1_49_model.rda	0.480696562898948
45	1	50	1_50_model.rda	0.121920164999249
46	1	51	1_51_model.rda	0.13915028561773
47	1	52	1_52_model.rda	0.126775930101382
48	1	53	1_53_model.rda	0.711703630376315
49	1	54	1_54_model.rda	0.558797259476715
50	1	55	1_55_model.rda	0.617687665986105
51	1	56	1_56_model.rda	0.716065883730534
52	1	58	1_58_model.rda	0.701221118926617
53	1	59	1_59_model.rda	0.944321324394348
54	1	60	1_60_model.rda	0.87876392009423
55	1	62	1_62_model.rda	0.363049121492223
56	1	65	1_65_model.rda	0.965083703832264
57	1	66	1_66_model.rda	0.917546000465744
58	1	67	1_67_model.rda	0.606941351125439
59	1	68	1_68_model.rda	0.873956880198245
60	1	69	1_69_model.rda	0.983505936045017
61	2	3	2_3_model.rda	0.890723087692627
62	2	4	2_4_model.rda	0.894986796888945
63	2	5	2_5_model.rda	0.157250551366378
64	2	6	2_6_model.rda	0.964606363773548
65	2	7	2_7_model.rda	0.874175231227884
66	2	8	2_8_model.rda	0.767725840079919
67	2	9	2_9_model.rda	0.79382277074785
68	2	10	2_10_model.rda	0.782470220935563
69	2	11	2_11_model.rda	0.799155552011783
70	2	12	2_12_model.rda	0.765027382515273
71	2	13	2_13_model.rda	0.565923809627442
72	2	14	2_14_model.rda	0.924574455081464
73	2	15	2_15_model.rda	0.947341315938408
74	2	16	2_16_model.rda	0.347146210189086
75	2	17	2_17_model.rda	0.886434022557767
76	2	18	2_18_model.rda	0.259200295976301
77	2	19	2_19_model.rda	0.519911979554098
78	2	20	2_20_model.rda	0.807426167172849
79	2	21	2_21_model.rda	0.90753200185737
80	2	22	2_22_model.rda	0.818864901832976
81	2	24	2_24_model.rda	0.439177353316371
82	2	25	2_25_model.rda	0.453060995583481
83	2	26	2_26_model.rda	0.72934744277081
84	2	27	2_27_model.rda	0.705699273222455
85	2	28	2_28_model.rda	0.340845236189902
86	2	30	2_30_model.rda	0.910288760812271
87	2	31	2_31_model.rda	0.601124161597133
88	2	32	2_32_model.rda	0.704722063444199
89	2	33	2_33_model.rda	0.0644165260342576
90	2	34	2_34_model.rda	0.612003571081755
91	2	35	2_35_model.rda	0.519671283698268
92	2	36	2_36_model.rda	0.0847202025977773
93	2	37	2_37_model.rda	0.897463385476056
94	2	38	2_38_model.rda	0.549116889074393
95	2	39	2_39_model.rda	0.713890659294123
96	2	41	2_41_model.rda	0.855836264168748
97	2	42	2_42_model.rda	0.616499694961969
98	2	43	2_43_model.rda	0.733836830046257
99	2	44	2_44_model.rda	0.872085157524551
100	2	45	2_45_model.rda	0.320143449440669
101	2	46	2_46_model.rda	0.898606329514227
102	2	48	2_48_model.rda	0.255369971916361
103	2	49	2_49_model.rda	0.49162550703937
104	2	50	2_50_model.rda	0.0737445663800615
105	2	51	2_51_model.rda	0.08268107353131
106	2	52	2_52_model.rda	0.0812571288405226
107	2	53	2_53_model.rda	0.768753833303468
108	2	54	2_54_model.rda	0.627866345385103
109	2	55	2_55_model.rda	0.671417030235445
110	2	56	2_56_model.rda	0.786750402698214
111	2	58	2_58_model.rda	0.798344398776248
112	2	59	2_59_model.rda	0.925394833675753
113	2	60	2_60_model.rda	0.895743130862609
114	2	62	2_62_model.rda	0.505224020033549
115	2	65	2_65_model.rda	0.984374591402327
116	2	66	2_66_model.rda	0.945549000267886
117	2	67	2_67_model.rda	0.705621269700465
118	2	68	2_68_model.rda	0.914321719590549
119	2	69	2_69_model.rda	0.999999859656018
120	3	4	3_4_model.rda	0.00587483795875365
121	3	5	3_5_model.rda	0.851425464380764
122	3	6	3_6_model.rda	0.999999951685229
123	3	7	3_7_model.rda	0.953800472154458
124	3	8	3_8_model.rda	0.942701695104976
125	3	9	3_9_model.rda	0.934106280750072
126	3	10	3_10_model.rda	0.972545405504485
127	3	11	3_11_model.rda	0.999998387510023
128	3	12	3_12_model.rda	0.963769019420928
129	3	13	3_13_model.rda	0.91857869865532
130	3	14	3_14_model.rda	0.967554825143213
131	3	15	3_15_model.rda	0.999999957659544
132	3	16	3_16_model.rda	0.920754457553401
133	3	17	3_17_model.rda	0.946310285335117
134	3	18	3_18_model.rda	0.923508577516836
135	3	19	3_19_model.rda	0.999999981886388
136	3	20	3_20_model.rda	0.969889888906588
137	3	21	3_21_model.rda	0.960472466250827
138	3	22	3_22_model.rda	0.935295669714535
139	3	24	3_24_model.rda	0.975682067517339
140	3	25	3_25_model.rda	0.951534344668147
141	3	26	3_26_model.rda	0.926609295414058
142	3	27	3_27_model.rda	0.93573023514094
143	3	28	3_28_model.rda	0.795013800317338
144	3	30	3_30_model.rda	0.962288700179028
145	3	31	3_31_model.rda	0.924755732133724
146	3	32	3_32_model.rda	0.949566954491308
147	3	33	3_33_model.rda	0.906059751341033
148	3	34	3_34_model.rda	0.999999988286681
149	3	35	3_35_model.rda	0.930582121456817
150	3	36	3_36_model.rda	0.891937141219944
151	3	37	3_37_model.rda	0.99999995994364
152	3	38	3_38_model.rda	0.923973594304112
153	3	39	3_39_model.rda	0.930943853161616
154	3	41	3_41_model.rda	0.948329584985776
155	3	42	3_42_model.rda	0.92357253743809
156	3	43	3_43_model.rda	0.944877013548789
157	3	44	3_44_model.rda	0.903031577888292
158	3	45	3_45_model.rda	0.943654580426835
159	3	46	3_46_model.rda	0.965587218783148
160	3	48	3_48_model.rda	0.904661559433738
161	3	49	3_49_model.rda	0.921773970498213
162	3	50	3_50_model.rda	0.895898426284863
163	3	51	3_51_model.rda	0.918302787758282
164	3	52	3_52_model.rda	0.858348608843553
165	3	53	3_53_model.rda	0.927156325892974
166	3	54	3_54_model.rda	0.917280837052841
167	3	55	3_55_model.rda	0.948764057122568
168	3	56	3_56_model.rda	0.935402694093646
169	3	58	3_58_model.rda	0.999999990401964
170	3	59	3_59_model.rda	0.999999999066359
171	3	60	3_60_model.rda	0.999999985685238
172	3	62	3_62_model.rda	0.708617214447866
173	3	65	3_65_model.rda	0.999999987530356
174	3	66	3_66_model.rda	0.999999902247039
175	3	67	3_67_model.rda	0.934895922684256
176	3	68	3_68_model.rda	0.972913036474114
177	3	69	3_69_model.rda	0.999999992343026
178	4	5	4_5_model.rda	0.840079336957417
179	4	6	4_6_model.rda	0.989493480135414
180	4	7	4_7_model.rda	0.962004606651067
181	4	8	4_8_model.rda	0.955075366888618
182	4	9	4_9_model.rda	0.928487334625123
183	4	10	4_10_model.rda	0.973494843009392
184	4	11	4_11_model.rda	0.969414378539475
185	4	12	4_12_model.rda	0.962225272534565
186	4	13	4_13_model.rda	0.92389288435517
187	4	14	4_14_model.rda	0.958386786948774
188	4	15	4_15_model.rda	0.999999982042604
189	4	16	4_16_model.rda	0.924249561900797
190	4	17	4_17_model.rda	0.931155338628964
191	4	18	4_18_model.rda	0.916014663393399
192	4	19	4_19_model.rda	0.999999949326931
193	4	20	4_20_model.rda	0.963693958536692
194	4	21	4_21_model.rda	0.958889604549181
195	4	22	4_22_model.rda	0.926930154377388
196	4	24	4_24_model.rda	0.96031966969289
197	4	25	4_25_model.rda	0.943577836163152
198	4	26	4_26_model.rda	0.909722916210673
199	4	27	4_27_model.rda	0.930386978208198
200	4	28	4_28_model.rda	0.791115242949327
201	4	30	4_30_model.rda	0.95549668930452
202	4	31	4_31_model.rda	0.921766792732508
203	4	32	4_32_model.rda	0.945608330363165
204	4	33	4_33_model.rda	0.908638501341055
205	4	34	4_34_model.rda	0.999999993926473
206	4	35	4_35_model.rda	0.955789028747502
207	4	36	4_36_model.rda	0.896255627756742
208	4	37	4_37_model.rda	0.999999924786487
209	4	38	4_38_model.rda	0.930330412289403
210	4	39	4_39_model.rda	0.923459624221892
211	4	41	4_41_model.rda	0.942216375916065
212	4	42	4_42_model.rda	0.920721502187707
213	4	43	4_43_model.rda	0.940784886714818
214	4	44	4_44_model.rda	0.894322743889019
215	4	45	4_45_model.rda	0.92184025197779
216	4	46	4_46_model.rda	0.96489637410808
217	4	48	4_48_model.rda	0.880910735779395
218	4	49	4_49_model.rda	0.999999872113632
219	4	50	4_50_model.rda	0.915504067819004
220	4	51	4_51_model.rda	0.954069141859634
221	4	52	4_52_model.rda	0.888675559454162
222	4	53	4_53_model.rda	0.917059296882205
223	4	54	4_54_model.rda	0.910284494454137
224	4	55	4_55_model.rda	0.947009675704758
225	4	56	4_56_model.rda	0.938682589123596
226	4	58	4_58_model.rda	0.999999874591033
227	4	59	4_59_model.rda	0.999998808653902
228	4	60	4_60_model.rda	0.999307241899376
229	4	62	4_62_model.rda	0.678268386134348
230	4	65	4_65_model.rda	0.999999996879078
231	4	66	4_66_model.rda	0.982759852153587
232	4	67	4_67_model.rda	0.927328970812713
233	4	68	4_68_model.rda	0.968110945898583
234	4	69	4_69_model.rda	0.999997492766922
235	5	6	5_6_model.rda	0.929206611065216
236	5	7	5_7_model.rda	0.872839754088429
237	5	8	5_8_model.rda	0.71566370516841
238	5	9	5_9_model.rda	0.729396974885595
239	5	10	5_10_model.rda	0.705099270759199
240	5	11	5_11_model.rda	0.761681133724032
241	5	12	5_12_model.rda	0.71325801355717
242	5	13	5_13_model.rda	0.491011680318042
243	5	14	5_14_model.rda	0.8837934112084
244	5	15	5_15_model.rda	0.929896360787017
245	5	16	5_16_model.rda	0.456228442947559
246	5	17	5_17_model.rda	0.819278879869293
247	5	18	5_18_model.rda	0.331597332547141
248	5	19	5_19_model.rda	0.602478194516378
249	5	20	5_20_model.rda	0.739271415638998
250	5	21	5_21_model.rda	0.86264431272345
251	5	22	5_22_model.rda	0.760699902601269
252	5	24	5_24_model.rda	0.536435082792502
253	5	25	5_25_model.rda	0.551354404446839
254	5	26	5_26_model.rda	0.628548677798338
255	5	27	5_27_model.rda	0.608969034355829
256	5	28	5_28_model.rda	0.136274233335836
257	5	30	5_30_model.rda	0.878831910723353
258	5	31	5_31_model.rda	0.520699372808499
259	5	32	5_32_model.rda	0.620354615209351
260	5	33	5_33_model.rda	0.13626765255661
261	5	34	5_34_model.rda	0.806147176117715
262	5	35	5_35_model.rda	0.689337901175385
263	5	36	5_36_model.rda	0.0813022158103457
264	5	37	5_37_model.rda	0.886889614628886
265	5	38	5_38_model.rda	0.471112316690624
266	5	39	5_39_model.rda	0.65548276592143
267	5	41	5_41_model.rda	0.846508279357514
268	5	42	5_42_model.rda	0.52664640058693
269	5	43	5_43_model.rda	0.666641727663214
270	5	44	5_44_model.rda	0.825725972713623
271	5	45	5_45_model.rda	0.362415496359076
272	5	46	5_46_model.rda	0.896512784927664
273	5	48	5_48_model.rda	0.358408489416512
274	5	49	5_49_model.rda	0.58563447682253
275	5	50	5_50_model.rda	0.246481685633689
276	5	51	5_51_model.rda	0.289230508589101
277	5	52	5_52_model.rda	0.24797603694089
278	5	53	5_53_model.rda	0.703303945393643
279	5	54	5_54_model.rda	0.532881769237354
280	5	55	5_55_model.rda	0.649174137440959
281	5	56	5_56_model.rda	0.715773031356265
282	5	58	5_58_model.rda	0.74882275041195
283	5	59	5_59_model.rda	0.951403500781478
284	5	60	5_60_model.rda	0.903573692383705
285	5	62	5_62_model.rda	0.269615173209618
286	5	65	5_65_model.rda	0.977999691573864
287	5	66	5_66_model.rda	0.925190189053672
288	5	67	5_67_model.rda	0.633049032741927
289	5	68	5_68_model.rda	0.871400796275323
290	5	69	5_69_model.rda	0.999999662071405
291	6	7	6_7_model.rda	0.832717628039857
292	6	8	6_8_model.rda	0.835607141436184
293	6	9	6_9_model.rda	0.211405447225257
294	6	10	6_10_model.rda	0.803628793724271
295	6	11	6_11_model.rda	0.788837473526999
296	6	12	6_12_model.rda	0.775430006658099
297	6	13	6_13_model.rda	0.719604993808728
298	6	14	6_14_model.rda	0.0566596905155031
299	6	15	6_15_model.rda	0.929809091833214
300	6	16	6_16_model.rda	0.94077077484639
301	6	17	6_17_model.rda	0.21971511652252
302	6	18	6_18_model.rda	0.95811801521019
303	6	19	6_19_model.rda	0.999999985076303
304	6	20	6_20_model.rda	0.745583946337837
305	6	21	6_21_model.rda	0.052636101469699
306	6	22	6_22_model.rda	0.269793494316952
307	6	24	6_24_model.rda	0.999995850799188
308	6	25	6_25_model.rda	0.999999960042162
309	6	26	6_26_model.rda	0.498532582949151
310	6	27	6_27_model.rda	0.492212024957561
311	6	28	6_28_model.rda	0.969723585015348
312	6	30	6_30_model.rda	0.264002842318306
313	6	31	6_31_model.rda	0.707390825146503
314	6	32	6_32_model.rda	0.617805668030729
315	6	33	6_33_model.rda	0.949716600144675
316	6	34	6_34_model.rda	0.999999998455916
317	6	35	6_35_model.rda	0.999999913200425
318	6	36	6_36_model.rda	0.940700747994429
319	6	37	6_37_model.rda	0.864596499117555
320	6	38	6_38_model.rda	0.767381059869404
321	6	39	6_39_model.rda	0.706205733141951
322	6	41	6_41_model.rda	0.785259751540743
323	6	42	6_42_model.rda	0.67053714920069
324	6	43	6_43_model.rda	0.692792496485553
325	6	44	6_44_model.rda	0.103662658547626
326	6	45	6_45_model.rda	0.91045349255583
327	6	46	6_46_model.rda	0.846060897015718
328	6	48	6_48_model.rda	0.955424545315538
329	6	49	6_49_model.rda	0.978312551463087
330	6	50	6_50_model.rda	0.966964871034728
331	6	51	6_51_model.rda	0.999999388541245
332	6	52	6_52_model.rda	0.986529561583689
333	6	53	6_53_model.rda	0.281662445362059
334	6	54	6_54_model.rda	0.634756986689808
335	6	55	6_55_model.rda	0.745128064481081
336	6	56	6_56_model.rda	0.601318732530919
337	6	58	6_58_model.rda	0.871414096558274
338	6	59	6_59_model.rda	0.942469567116755
339	6	60	6_60_model.rda	0.932738752569437
340	6	62	6_62_model.rda	0.962744818009528
341	6	65	6_65_model.rda	0.978075571823893
342	6	66	6_66_model.rda	0.935806571696418
343	6	67	6_67_model.rda	0.798060403132358
344	6	68	6_68_model.rda	0.0484680628207379
345	6	69	6_69_model.rda	0.971546147394813
346	7	8	7_8_model.rda	0.685712276262031
347	7	9	7_9_model.rda	0.741467909504916
348	7	10	7_10_model.rda	0.768133846635517
349	7	11	7_11_model.rda	0.701658404711076
350	7	12	7_12_model.rda	0.759702232946457
351	7	13	7_13_model.rda	0.652722067229048
352	7	14	7_14_model.rda	0.875442262693049
353	7	15	7_15_model.rda	0.899022029097335
354	7	16	7_16_model.rda	0.898733584223954
355	7	17	7_17_model.rda	0.800612109116609
356	7	18	7_18_model.rda	0.876027048205854
357	7	19	7_19_model.rda	0.915669160126245
358	7	20	7_20_model.rda	0.742357247153951
359	7	21	7_21_model.rda	0.849856662246844
360	7	22	7_22_model.rda	0.744281465210794
361	7	24	7_24_model.rda	0.910882916531093
362	7	25	7_25_model.rda	0.91555836996592
363	7	26	7_26_model.rda	0.688045994885035
364	7	27	7_27_model.rda	0.6971818356568
365	7	28	7_28_model.rda	0.879861408676541
366	7	30	7_30_model.rda	0.85618798387316
367	7	31	7_31_model.rda	0.748806542651962
368	7	32	7_32_model.rda	0.720274956280923
369	7	33	7_33_model.rda	0.868367650863385
370	7	34	7_34_model.rda	0.930137344267614
371	7	35	7_35_model.rda	0.898726744465051
372	7	36	7_36_model.rda	0.848598786956875
373	7	37	7_37_model.rda	0.797435202977247
374	7	38	7_38_model.rda	0.664691092741426
375	7	39	7_39_model.rda	0.734047521822034
376	7	41	7_41_model.rda	0.0319473881561302
377	7	42	7_42_model.rda	0.70004201867551
378	7	43	7_43_model.rda	0.698554083038968
379	7	44	7_44_model.rda	0.874865976823168
380	7	45	7_45_model.rda	0.851750612491305
381	7	46	7_46_model.rda	0.0579610426167708
382	7	48	7_48_model.rda	0.804487855268619
383	7	49	7_49_model.rda	0.840453582120808
384	7	50	7_50_model.rda	0.876357424926344
385	7	51	7_51_model.rda	0.847841456207751
386	7	52	7_52_model.rda	0.879247346097377
387	7	53	7_53_model.rda	0.73758492455753
388	7	54	7_54_model.rda	0.68874417100399
389	7	55	7_55_model.rda	0.717668791945277
390	7	56	7_56_model.rda	0.658631419220091
391	7	58	7_58_model.rda	0.714260778907953
392	7	59	7_59_model.rda	0.923816862235642
393	7	60	7_60_model.rda	0.894643631411787
394	7	62	7_62_model.rda	0.880677162720436
395	7	65	7_65_model.rda	0.974294110190783
396	7	66	7_66_model.rda	0.942927548124957
397	7	67	7_67_model.rda	0.678824328579695
398	7	68	7_68_model.rda	0.86473667466032
399	7	69	7_69_model.rda	0.96759784467386
400	8	9	8_9_model.rda	0.598870907766674
401	8	10	8_10_model.rda	0.636576303475398
402	8	11	8_11_model.rda	0.530887807912426
403	8	12	8_12_model.rda	0.651356689622403
404	8	13	8_13_model.rda	0.281080351169002
405	8	14	8_14_model.rda	0.788287683580613
406	8	15	8_15_model.rda	0.844766441966774
407	8	16	8_16_model.rda	0.806540888005081
408	8	17	8_17_model.rda	0.69377757009663
409	8	18	8_18_model.rda	0.765155337618338
410	8	19	8_19_model.rda	0.871945456556777
411	8	20	8_20_model.rda	0.663817808679928
412	8	21	8_21_model.rda	0.761384246554432
413	8	22	8_22_model.rda	0.595884836666418
414	8	24	8_24_model.rda	0.842414345936028
415	8	25	8_25_model.rda	0.854054682622325
416	8	26	8_26_model.rda	0.431514411519038
417	8	27	8_27_model.rda	0.489270523863876
418	8	28	8_28_model.rda	0.809781373157572
419	8	30	8_30_model.rda	0.785631263457056
420	8	31	8_31_model.rda	0.595512365685941
421	8	32	8_32_model.rda	0.47486416182056
422	8	33	8_33_model.rda	0.728800337634862
423	8	34	8_34_model.rda	0.910091484713595
424	8	35	8_35_model.rda	0.877649151502484
425	8	36	8_36_model.rda	0.702559092650658
426	8	37	8_37_model.rda	0.728014048398941
427	8	38	8_38_model.rda	0.338749753435435
428	8	39	8_39_model.rda	0.542111989245546
429	8	41	8_41_model.rda	0.608475948371968
430	8	42	8_42_model.rda	0.437116067897143
431	8	43	8_43_model.rda	0.547761478890811
432	8	44	8_44_model.rda	0.769486942942497
433	8	45	8_45_model.rda	0.765686085227738
434	8	46	8_46_model.rda	0.740361208465683
435	8	48	8_48_model.rda	0.651645328742581
436	8	49	8_49_model.rda	0.779023690218921
437	8	50	8_50_model.rda	0.788926920951633
438	8	51	8_51_model.rda	0.755634368031358
439	8	52	8_52_model.rda	0.794269037931967
440	8	53	8_53_model.rda	0.579723043943877
441	8	54	8_54_model.rda	0.442460644212682
442	8	55	8_55_model.rda	0.503440863534957
443	8	56	8_56_model.rda	0.525742719741559
444	8	58	8_58_model.rda	0.529585640094438
445	8	59	8_59_model.rda	0.926852130995601
446	8	60	8_60_model.rda	0.871504641296255
447	8	62	8_62_model.rda	0.806114749532359
448	8	65	8_65_model.rda	0.96448319834677
449	8	66	8_66_model.rda	0.911266088626667
450	8	67	8_67_model.rda	0.0097604686931464
451	8	68	8_68_model.rda	0.791210380084691
452	8	69	8_69_model.rda	0.959929517419065
453	9	10	9_10_model.rda	0.477581178705678
454	9	11	9_11_model.rda	0.421874937662982
455	9	12	9_12_model.rda	0.466576390694588
456	9	13	9_13_model.rda	0.359957789775379
457	9	14	9_14_model.rda	0.291581098737414
458	9	15	9_15_model.rda	0.826048623468783
459	9	16	9_16_model.rda	0.810010234106922
460	9	17	9_17_model.rda	0.139572887197423
461	9	18	9_18_model.rda	0.805573170030109
462	9	19	9_19_model.rda	0.859503069627661
463	9	20	9_20_model.rda	0.444143112622193
464	9	21	9_21_model.rda	0.182672655601924
465	9	22	9_22_model.rda	0.0337367254868791
466	9	24	9_24_model.rda	0.860798228391367
467	9	25	9_25_model.rda	0.863666947106554
468	9	26	9_26_model.rda	0.138151648920513
469	9	27	9_27_model.rda	0.158860663106976
470	9	28	9_28_model.rda	0.817493334038009
471	9	30	9_30_model.rda	0.233253737090649
472	9	31	9_31_model.rda	0.412750760935049
473	9	32	9_32_model.rda	0.300761430414442
474	9	33	9_33_model.rda	0.785073160021873
475	9	34	9_34_model.rda	0.911309222826525
476	9	35	9_35_model.rda	0.869158230525381
477	9	36	9_36_model.rda	0.733180287839495
478	9	37	9_37_model.rda	0.597034478600793
479	9	38	9_38_model.rda	0.407388094975636
480	9	39	9_39_model.rda	0.361676857931437
481	9	41	9_41_model.rda	0.658110276869462
482	9	42	9_42_model.rda	0.282149539923852
483	9	43	9_43_model.rda	0.319789103195269
484	9	44	9_44_model.rda	0.25509871660779
485	9	45	9_45_model.rda	0.706414944709423
486	9	46	9_46_model.rda	0.762563882362571
487	9	48	9_48_model.rda	0.80885226433667
488	9	49	9_49_model.rda	0.861176111659235
489	9	50	9_50_model.rda	0.828008401326045
490	9	51	9_51_model.rda	0.843400860923699
491	9	52	9_52_model.rda	0.845250514388407
492	9	53	9_53_model.rda	0.0265450575588601
493	9	54	9_54_model.rda	0.263407912944263
494	9	55	9_55_model.rda	0.36082907643478
495	9	56	9_56_model.rda	0.25785306006283
496	9	58	9_58_model.rda	0.472811969409221
497	9	59	9_59_model.rda	0.762982211222236
498	9	60	9_60_model.rda	0.64360833785855
499	9	62	9_62_model.rda	0.845399517832308
500	9	65	9_65_model.rda	0.948714091189448
501	9	66	9_66_model.rda	0.863285758996306
502	9	67	9_67_model.rda	0.524415666627385
503	9	68	9_68_model.rda	0.234574979190909
504	9	69	9_69_model.rda	0.935725789317178
505	10	11	10_11_model.rda	0.408604732439317
506	10	12	10_12_model.rda	0.0241375970480061
507	10	13	10_13_model.rda	0.329827395827797
508	10	14	10_14_model.rda	0.758475051683492
509	10	15	10_15_model.rda	0.822212629768548
510	10	16	10_16_model.rda	0.819601624186497
511	10	17	10_17_model.rda	0.641525079216214
512	10	18	10_18_model.rda	0.782208606523989
513	10	19	10_19_model.rda	0.857207856210202
514	10	20	10_20_model.rda	0.150549146283455
515	10	21	10_21_model.rda	0.704726000722526
516	10	22	10_22_model.rda	0.531858256793196
517	10	24	10_24_model.rda	0.844717945955299
518	10	25	10_25_model.rda	0.871441021178744
519	10	26	10_26_model.rda	0.346714863144583
520	10	27	10_27_model.rda	0.282289864876208
521	10	28	10_28_model.rda	0.832862636729207
522	10	30	10_30_model.rda	0.713964658986121
523	10	31	10_31_model.rda	0.0710282882136792
524	10	32	10_32_model.rda	0.140718628894864
525	10	33	10_33_model.rda	0.774120394306915
526	10	34	10_34_model.rda	0.933769745821242
527	10	35	10_35_model.rda	0.898192838992285
528	10	36	10_36_model.rda	0.712959287858891
529	10	37	10_37_model.rda	0.551642609111362
530	10	38	10_38_model.rda	0.320988343632555
531	10	39	10_39_model.rda	0.446313309947769
532	10	41	10_41_model.rda	0.747836470994944
533	10	42	10_42_model.rda	0.298231834432183
534	10	43	10_43_model.rda	0.368513582544257
535	10	44	10_44_model.rda	0.72460608448102
536	10	45	10_45_model.rda	0.714435322505318
537	10	46	10_46_model.rda	0.806397426188336
538	10	48	10_48_model.rda	0.790505472970912
539	10	49	10_49_model.rda	0.87604936680187
540	10	50	10_50_model.rda	0.808077919405197
541	10	51	10_51_model.rda	0.881112023055184
542	10	52	10_52_model.rda	0.83448238917604
543	10	53	10_53_model.rda	0.455458117424518
544	10	54	10_54_model.rda	0.258440847535199
545	10	55	10_55_model.rda	0.329678788465644
546	10	56	10_56_model.rda	0.240613749368771
547	10	58	10_58_model.rda	0.619188456271301
548	10	59	10_59_model.rda	0.904137273380495
549	10	60	10_60_model.rda	0.867486352417598
550	10	62	10_62_model.rda	0.843376853078698
551	10	65	10_65_model.rda	0.953690312556552
552	10	66	10_66_model.rda	0.899596671004102
553	10	67	10_67_model.rda	0.528652049618426
554	10	68	10_68_model.rda	0.731942850296272
555	10	69	10_69_model.rda	0.946106250230123
556	11	12	11_12_model.rda	0.485689870463221
557	11	13	11_13_model.rda	0.218123725958991
558	11	14	11_14_model.rda	0.642219036134183
559	11	15	11_15_model.rda	0.828697155065129
560	11	16	11_16_model.rda	0.774545465220776
561	11	17	11_17_model.rda	0.517988010323808
562	11	18	11_18_model.rda	0.787972465714743
563	11	19	11_19_model.rda	0.855793556708522
564	11	20	11_20_model.rda	0.569444055178955
565	11	21	11_21_model.rda	0.641727717522135
566	11	22	11_22_model.rda	0.483353323707602
567	11	24	11_24_model.rda	0.824257711312518
568	11	25	11_25_model.rda	0.838937531087882
569	11	26	11_26_model.rda	0.296287571943705
570	11	27	11_27_model.rda	0.337080762101075
571	11	28	11_28_model.rda	0.847266940265251
572	11	30	11_30_model.rda	0.665795420494349
573	11	31	11_31_model.rda	0.423832966285379
574	11	32	11_32_model.rda	0.351264175414212
575	11	33	11_33_model.rda	0.791223964730759
576	11	34	11_34_model.rda	0.999999584461278
577	11	35	11_35_model.rda	0.939184826094371
578	11	36	11_36_model.rda	0.715861121063126
579	11	37	11_37_model.rda	0.508219632956566
580	11	38	11_38_model.rda	0.227220428473611
581	11	39	11_39_model.rda	0.0642130910125182
582	11	41	11_41_model.rda	0.683444339485282
583	11	42	11_42_model.rda	0.244648767176715
584	11	43	11_43_model.rda	0.0660219796357918
585	11	44	11_44_model.rda	0.563271686861253
586	11	45	11_45_model.rda	0.68169643508252
587	11	46	11_46_model.rda	0.748296640421039
588	11	48	11_48_model.rda	0.772273329394406
589	11	49	11_49_model.rda	0.864093615110501
590	11	50	11_50_model.rda	0.809567626950396
591	11	51	11_51_model.rda	0.867177029398447
592	11	52	11_52_model.rda	0.830772019954146
593	11	53	11_53_model.rda	0.424647258176998
594	11	54	11_54_model.rda	0.245487703127476
595	11	55	11_55_model.rda	0.168883346809046
596	11	56	11_56_model.rda	0.419644403690818
597	11	58	11_58_model.rda	0.501141063753429
598	11	59	11_59_model.rda	0.934095168905769
599	11	60	11_60_model.rda	0.827115634715857
600	11	62	11_62_model.rda	0.855624707646944
601	11	65	11_65_model.rda	0.954728148694437
602	11	66	11_66_model.rda	0.85399074379119
603	11	67	11_67_model.rda	0.409590816778577
604	11	68	11_68_model.rda	0.703841575953948
605	11	69	11_69_model.rda	0.952605940634502
606	12	13	12_13_model.rda	0.364075571224961
607	12	14	12_14_model.rda	0.742133081311705
608	12	15	12_15_model.rda	0.844767036839182
609	12	16	12_16_model.rda	0.804025140483972
610	12	17	12_17_model.rda	0.629828044891288
611	12	18	12_18_model.rda	0.799824798200677
612	12	19	12_19_model.rda	0.862377467722357
613	12	20	12_20_model.rda	0.0883820688585105
614	12	21	12_21_model.rda	0.680193157845375
615	12	22	12_22_model.rda	0.523372599162691
616	12	24	12_24_model.rda	0.834365823161242
617	12	25	12_25_model.rda	0.854552979038036
618	12	26	12_26_model.rda	0.352339968558896
619	12	27	12_27_model.rda	0.296375047859746
620	12	28	12_28_model.rda	0.819318601845054
621	12	30	12_30_model.rda	0.69499801890836
622	12	31	12_31_model.rda	0.0661466326404211
623	12	32	12_32_model.rda	0.1376966718806
624	12	33	12_33_model.rda	0.766288799524368
625	12	34	12_34_model.rda	0.925194715402845
626	12	35	12_35_model.rda	0.874977059517106
627	12	36	12_36_model.rda	0.710362997726683
628	12	37	12_37_model.rda	0.628177936871536
629	12	38	12_38_model.rda	0.38635908838986
630	12	39	12_39_model.rda	0.522515360429615
631	12	41	12_41_model.rda	0.725739143386588
632	12	42	12_42_model.rda	0.350380615168843
633	12	43	12_43_model.rda	0.434245329479812
634	12	44	12_44_model.rda	0.725130802799503
635	12	45	12_45_model.rda	0.728292546897562
636	12	46	12_46_model.rda	0.782225120219685
637	12	48	12_48_model.rda	0.785401155544513
638	12	49	12_49_model.rda	0.868759972051559
639	12	50	12_50_model.rda	0.794297452668167
640	12	51	12_51_model.rda	0.813817880719847
641	12	52	12_52_model.rda	0.823227203448593
642	12	53	12_53_model.rda	0.445740698057287
643	12	54	12_54_model.rda	0.29842218534446
644	12	55	12_55_model.rda	0.385427574911121
645	12	56	12_56_model.rda	0.197653588618175
646	12	58	12_58_model.rda	0.678335315699977
647	12	59	12_59_model.rda	0.957494523840759
648	12	60	12_60_model.rda	0.867691184204194
649	12	62	12_62_model.rda	0.842459014560476
650	12	65	12_65_model.rda	0.968130830460676
651	12	66	12_66_model.rda	0.92441878939939
652	12	67	12_67_model.rda	0.576520572457507
653	12	68	12_68_model.rda	0.708609769641134
654	12	69	12_69_model.rda	0.947562262518078
655	13	14	13_14_model.rda	0.680918237576106
656	13	15	13_15_model.rda	0.825479159089485
657	13	16	13_16_model.rda	0.661757993890432
658	13	17	13_17_model.rda	0.526557033412892
659	13	18	13_18_model.rda	0.61485977203957
660	13	19	13_19_model.rda	0.75349970384409
661	13	20	13_20_model.rda	0.418734620172772
662	13	21	13_21_model.rda	0.626539134743731
663	13	22	13_22_model.rda	0.379728505241035
664	13	24	13_24_model.rda	0.741972561417782
665	13	25	13_25_model.rda	0.749245736485717
666	13	26	13_26_model.rda	0.152269697639105
667	13	27	13_27_model.rda	0.15677415655717
668	13	28	13_28_model.rda	0.656302260084145
669	13	30	13_30_model.rda	0.647457678749863
670	13	31	13_31_model.rda	0.269885170120728
671	13	32	13_32_model.rda	0.171850966496908
672	13	33	13_33_model.rda	0.530315947370774
673	13	34	13_34_model.rda	0.809486449646064
674	13	35	13_35_model.rda	0.74603106016868
675	13	36	13_36_model.rda	0.463993149900593
676	13	37	13_37_model.rda	0.548446739474358
677	13	38	13_38_model.rda	0.0302914232170053
678	13	39	13_39_model.rda	0.21674492820725
679	13	41	13_41_model.rda	0.583487702726776
680	13	42	13_42_model.rda	0.0932818701537791
681	13	43	13_43_model.rda	0.218956129055864
682	13	44	13_44_model.rda	0.647157389057816
683	13	45	13_45_model.rda	0.561035082965564
684	13	46	13_46_model.rda	0.699850596168299
685	13	48	13_48_model.rda	0.4801062247694
686	13	49	13_49_model.rda	0.6257947584437
687	13	50	13_50_model.rda	0.600831487498354
688	13	51	13_51_model.rda	0.586189614779668
689	13	52	13_52_model.rda	0.611674982133582
690	13	53	13_53_model.rda	0.324335709041313
691	13	54	13_54_model.rda	0.106117414491083
692	13	55	13_55_model.rda	0.15488276169943
693	13	56	13_56_model.rda	0.282865350873897
694	13	58	13_58_model.rda	0.377689827449079
695	13	59	13_59_model.rda	0.899250257300918
696	13	60	13_60_model.rda	0.819077051933883
697	13	62	13_62_model.rda	0.695231359153514
698	13	65	13_65_model.rda	0.94686379796508
699	13	66	13_66_model.rda	0.858816506069957
700	13	67	13_67_model.rda	0.156112825897411
701	13	68	13_68_model.rda	0.668766205748392
702	13	69	13_69_model.rda	0.941507919278794
703	14	15	14_15_model.rda	0.885693102036188
704	14	16	14_16_model.rda	0.904330962596983
705	14	17	14_17_model.rda	0.293477030377087
706	14	18	14_18_model.rda	0.915031879087791
707	14	19	14_19_model.rda	0.944329650403623
708	14	20	14_20_model.rda	0.734855509563321
709	14	21	14_21_model.rda	0.117491755445645
710	14	22	14_22_model.rda	0.271200354482212
711	14	24	14_24_model.rda	0.930133255776739
712	14	25	14_25_model.rda	0.936255811037492
713	14	26	14_26_model.rda	0.476563702092006
714	14	27	14_27_model.rda	0.513939648080152
715	14	28	14_28_model.rda	0.900942514306721
716	14	30	14_30_model.rda	0.30836446353285
717	14	31	14_31_model.rda	0.709615946281135
718	14	32	14_32_model.rda	0.660187032273946
719	14	33	14_33_model.rda	0.905008496942732
720	14	34	14_34_model.rda	0.999999428354234
721	14	35	14_35_model.rda	0.943713404881872
722	14	36	14_36_model.rda	0.878290001336716
723	14	37	14_37_model.rda	0.768807360501236
724	14	38	14_38_model.rda	0.684849478851197
725	14	39	14_39_model.rda	0.562513698949085
726	14	41	14_41_model.rda	0.813323157238202
727	14	42	14_42_model.rda	0.640848796721392
728	14	43	14_43_model.rda	0.567339690551862
729	14	44	14_44_model.rda	0.117007919538829
730	14	45	14_45_model.rda	0.849921883508556
731	14	46	14_46_model.rda	0.879561660711523
732	14	48	14_48_model.rda	0.905592853415579
733	14	49	14_49_model.rda	0.930287871052465
734	14	50	14_50_model.rda	0.922474754004928
735	14	51	14_51_model.rda	0.924991019595678
736	14	52	14_52_model.rda	0.934528697327086
737	14	53	14_53_model.rda	0.337690705233695
738	14	54	14_54_model.rda	0.629136566458854
739	14	55	14_55_model.rda	0.682481476694727
740	14	56	14_56_model.rda	0.606137332607406
741	14	58	14_58_model.rda	0.647810370593158
742	14	59	14_59_model.rda	0.890071276207045
743	14	60	14_60_model.rda	0.781013636793738
744	14	62	14_62_model.rda	0.923026905994114
745	14	65	14_65_model.rda	0.957787432685581
746	14	66	14_66_model.rda	0.911388450707344
747	14	67	14_67_model.rda	0.76447774280851
748	14	68	14_68_model.rda	0.0748792254205188
749	14	69	14_69_model.rda	0.955611119438607
750	15	16	15_16_model.rda	0.930687880653601
751	15	17	15_17_model.rda	0.876467387654673
752	15	18	15_18_model.rda	0.927572094943873
753	15	19	15_19_model.rda	0.999999897738138
754	15	20	15_20_model.rda	0.846940549784678
755	15	21	15_21_model.rda	0.881463159278601
756	15	22	15_22_model.rda	0.848789355684173
757	15	24	15_24_model.rda	0.937976175523099
758	15	25	15_25_model.rda	0.97268655353138
759	15	26	15_26_model.rda	0.823892797166067
760	15	27	15_27_model.rda	0.812984465699037
761	15	28	15_28_model.rda	0.999999925728007
762	15	30	15_30_model.rda	0.889781382844236
763	15	31	15_31_model.rda	0.84513535614682
764	15	32	15_32_model.rda	0.802684324318293
765	15	33	15_33_model.rda	0.932939798560951
766	15	34	15_34_model.rda	0.999999943001666
767	15	35	15_35_model.rda	0.999999984856335
768	15	36	15_36_model.rda	0.924328149699463
769	15	37	15_37_model.rda	0.516018952094893
770	15	38	15_38_model.rda	0.807701004297183
771	15	39	15_39_model.rda	0.83380177213064
772	15	41	15_41_model.rda	0.886806609329003
773	15	42	15_42_model.rda	0.823962109622494
774	15	43	15_43_model.rda	0.820152792634574
775	15	44	15_44_model.rda	0.875830231121789
776	15	45	15_45_model.rda	0.90424043747329
777	15	46	15_46_model.rda	0.908640930814289
778	15	48	15_48_model.rda	0.944729285505143
779	15	49	15_49_model.rda	0.999999989488951
780	15	50	15_50_model.rda	0.94765341961779
781	15	51	15_51_model.rda	0.999999922050243
782	15	52	15_52_model.rda	0.951811751715136
783	15	53	15_53_model.rda	0.828952607199522
784	15	54	15_54_model.rda	0.833360054978354
785	15	55	15_55_model.rda	0.804548682627983
786	15	56	15_56_model.rda	0.774064708365996
787	15	58	15_58_model.rda	0.87164811075192
788	15	59	15_59_model.rda	0.999999990142769
789	15	60	15_60_model.rda	0.942826287832496
790	15	62	15_62_model.rda	0.962224270781674
791	15	65	15_65_model.rda	0.980757247511746
792	15	66	15_66_model.rda	0.936914796345231
793	15	67	15_67_model.rda	0.830563078065934
794	15	68	15_68_model.rda	0.900198270779371
795	15	69	15_69_model.rda	0.00552996705056963
796	16	17	16_17_model.rda	0.872060976256555
797	16	18	16_18_model.rda	0.0819513952789779
798	16	19	16_19_model.rda	0.302006859964928
799	16	20	16_20_model.rda	0.842545398926417
800	16	21	16_21_model.rda	0.900644011749663
801	16	22	16_22_model.rda	0.815185752806399
802	16	24	16_24_model.rda	0.235233860713354
803	16	25	16_25_model.rda	0.0240177976077162
804	16	26	16_26_model.rda	0.761612662468016
805	16	27	16_27_model.rda	0.744478622154049
806	16	28	16_28_model.rda	0.58928904054911
807	16	30	16_30_model.rda	0.899900404221101
808	16	31	16_31_model.rda	0.664434883645369
809	16	32	16_32_model.rda	0.755227214362947
810	16	33	16_33_model.rda	0.301362862313336
811	16	34	16_34_model.rda	0.815013132910123
812	16	35	16_35_model.rda	0.737096292611916
813	16	36	16_36_model.rda	0.369396424878634
814	16	37	16_37_model.rda	0.865053537839828
815	16	38	16_38_model.rda	0.626930995255589
816	16	39	16_39_model.rda	0.731621487552163
817	16	41	16_41_model.rda	0.885490294106995
818	16	42	16_42_model.rda	0.68712997895265
819	16	43	16_43_model.rda	0.735928744264554
820	16	44	16_44_model.rda	0.852012924311633
821	16	45	16_45_model.rda	0.115790987937799
822	16	46	16_46_model.rda	0.911145226179555
823	16	48	16_48_model.rda	0.48632549912919
824	16	49	16_49_model.rda	0.625370983403318
825	16	50	16_50_model.rda	0.296488406617851
826	16	51	16_51_model.rda	0.365121685506385
827	16	52	16_52_model.rda	0.317269963303114
828	16	53	16_53_model.rda	0.79561211937303
829	16	54	16_54_model.rda	0.687980732066968
830	16	55	16_55_model.rda	0.68047078607228
831	16	56	16_56_model.rda	0.821118136341547
832	16	58	16_58_model.rda	0.785591434933357
833	16	59	16_59_model.rda	0.959821586240323
834	16	60	16_60_model.rda	0.888099666231243
835	16	62	16_62_model.rda	0.699371951772734
836	16	65	16_65_model.rda	0.999999890864737
837	16	66	16_66_model.rda	0.925649763412834
838	16	67	16_67_model.rda	0.758368895822755
839	16	68	16_68_model.rda	0.906825283511957
840	16	69	16_69_model.rda	0.975106002119273
841	17	18	17_18_model.rda	0.883360448920769
842	17	19	17_19_model.rda	0.93256383054358
843	17	20	17_20_model.rda	0.602070837189639
844	17	21	17_21_model.rda	0.272304686685634
845	17	22	17_22_model.rda	0.0999175759134755
846	17	24	17_24_model.rda	0.914542663161281
847	17	25	17_25_model.rda	0.916348526664143
848	17	26	17_26_model.rda	0.251720882212609
849	17	27	17_27_model.rda	0.317667831297638
850	17	28	17_28_model.rda	0.867737064098098
851	17	30	17_30_model.rda	0.186799043270131
852	17	31	17_31_model.rda	0.568683527953752
853	17	32	17_32_model.rda	0.479461298684524
854	17	33	17_33_model.rda	0.870243744840787
855	17	34	17_34_model.rda	0.958852359075392
856	17	35	17_35_model.rda	0.943984313347043
857	17	36	17_36_model.rda	0.818933160916589
858	17	37	17_37_model.rda	0.744289120230417
859	17	38	17_38_model.rda	0.570557176870094
860	17	39	17_39_model.rda	0.415594382362362
861	17	41	17_41_model.rda	0.735243656393448
862	17	42	17_42_model.rda	0.470281581982527
863	17	43	17_43_model.rda	0.392500140785731
864	17	44	17_44_model.rda	0.205786742779412
865	17	45	17_45_model.rda	0.810863147994022
866	17	46	17_46_model.rda	0.803446995259228
867	17	48	17_48_model.rda	0.868944700293482
868	17	49	17_49_model.rda	0.902840041631773
869	17	50	17_50_model.rda	0.896340604629008
870	17	51	17_51_model.rda	0.906696339820208
871	17	52	17_52_model.rda	0.912359523304365
872	17	53	17_53_model.rda	0.148755963147495
873	17	54	17_54_model.rda	0.456804192258273
874	17	55	17_55_model.rda	0.534673965382552
875	17	56	17_56_model.rda	0.456662944767924
876	17	58	17_58_model.rda	0.477857003224504
877	17	59	17_59_model.rda	0.759194822367736
878	17	60	17_60_model.rda	0.682130182132376
879	17	62	17_62_model.rda	0.895166551062296
880	17	65	17_65_model.rda	0.944267227326788
881	17	66	17_66_model.rda	0.863022529705472
882	17	67	17_67_model.rda	0.64387855124811
883	17	68	17_68_model.rda	0.314266315854956
884	17	69	17_69_model.rda	0.951570259253675
885	18	19	18_19_model.rda	0.250483016992195
886	18	20	18_20_model.rda	0.815012705609731
887	18	21	18_21_model.rda	0.900559910754469
888	18	22	18_22_model.rda	0.835179495420587
889	18	24	18_24_model.rda	0.192591765357268
890	18	25	18_25_model.rda	0.107103490281045
891	18	26	18_26_model.rda	0.736702594075995
892	18	27	18_27_model.rda	0.716193729284343
893	18	28	18_28_model.rda	0.586943818337964
894	18	30	18_30_model.rda	0.909430304810956
895	18	31	18_31_model.rda	0.606474538257367
896	18	32	18_32_model.rda	0.717737157067063
897	18	33	18_33_model.rda	0.223062514431282
898	18	34	18_34_model.rda	0.818192350716924
899	18	35	18_35_model.rda	0.731065888629154
900	18	36	18_36_model.rda	0.26058517550325
901	18	37	18_37_model.rda	0.859098119969495
902	18	38	18_38_model.rda	0.568818717926561
903	18	39	18_39_model.rda	0.726360574955088
904	18	41	18_41_model.rda	0.86610154352397
905	18	42	18_42_model.rda	0.620528203072226
906	18	43	18_43_model.rda	0.72906048457631
907	18	44	18_44_model.rda	0.863247119460661
908	18	45	18_45_model.rda	0.0750105942469236
909	18	46	18_46_model.rda	0.900659939674414
910	18	48	18_48_model.rda	0.392848575362306
911	18	49	18_49_model.rda	0.610263733706525
912	18	50	18_50_model.rda	0.207352768536616
913	18	51	18_51_model.rda	0.335318960078398
914	18	52	18_52_model.rda	0.256705361481255
915	18	53	18_53_model.rda	0.771685294409674
916	18	54	18_54_model.rda	0.636943531229619
917	18	55	18_55_model.rda	0.638599550171645
918	18	56	18_56_model.rda	0.799482343044371
919	18	58	18_58_model.rda	0.811975236089955
920	18	59	18_59_model.rda	0.999999529703219
921	18	60	18_60_model.rda	0.909748523244664
922	18	62	18_62_model.rda	0.687557034067098
923	18	65	18_65_model.rda	0.986577857794975
924	18	66	18_66_model.rda	0.929969775323357
925	18	67	18_67_model.rda	0.699922463379922
926	18	68	18_68_model.rda	0.906470643308074
927	18	69	18_69_model.rda	0.999999917853423
928	19	20	19_20_model.rda	0.876217738587129
929	19	21	19_21_model.rda	0.928106274946828
930	19	22	19_22_model.rda	0.881109828314731
931	19	24	19_24_model.rda	0.0131569004871978
932	19	25	19_25_model.rda	0.319774761514176
933	19	26	19_26_model.rda	0.828936114857183
934	19	27	19_27_model.rda	0.809610162927327
935	19	28	19_28_model.rda	0.749014542253418
936	19	30	19_30_model.rda	0.936179266972369
937	19	31	19_31_model.rda	0.729432255253263
938	19	32	19_32_model.rda	0.810233805866593
939	19	33	19_33_model.rda	0.459062533068496
940	19	34	19_34_model.rda	0.9999996255609
941	19	35	19_35_model.rda	0.869141512207097
942	19	36	19_36_model.rda	0.515264547618918
943	19	37	19_37_model.rda	0.903533566897432
944	19	38	19_38_model.rda	0.71554180045713
945	19	39	19_39_model.rda	0.807578394541003
946	19	41	19_41_model.rda	0.919073186819358
947	19	42	19_42_model.rda	0.733201889505298
948	19	43	19_43_model.rda	0.819870112744738
949	19	44	19_44_model.rda	0.895466980008117
950	19	45	19_45_model.rda	0.226949672119706
951	19	46	19_46_model.rda	0.932006389875684
952	19	48	19_48_model.rda	0.658805481425679
953	19	49	19_49_model.rda	0.786770408117633
954	19	50	19_50_model.rda	0.402616414587816
955	19	51	19_51_model.rda	0.517372816846231
956	19	52	19_52_model.rda	0.456371539679683
957	19	53	19_53_model.rda	0.843802157476116
958	19	54	19_54_model.rda	0.748688413729728
959	19	55	19_55_model.rda	0.728192009311176
960	19	56	19_56_model.rda	0.870543737965557
961	19	58	19_58_model.rda	0.917704161075349
962	19	59	19_59_model.rda	0.999999944440951
963	19	60	19_60_model.rda	0.999999931359903
964	19	62	19_62_model.rda	0.842667110282993
965	19	65	19_65_model.rda	0.999999955536664
966	19	66	19_66_model.rda	0.964964522292815
967	19	67	19_67_model.rda	0.831917426741895
968	19	68	19_68_model.rda	0.939147013647064
969	19	69	19_69_model.rda	0.999999986944922
970	20	21	20_21_model.rda	0.652521728248609
971	20	22	20_22_model.rda	0.516553258426526
972	20	24	20_24_model.rda	0.863195198739891
973	20	25	20_25_model.rda	0.879799596080298
974	20	26	20_26_model.rda	0.337926814494938
975	20	27	20_27_model.rda	0.279668748746139
976	20	28	20_28_model.rda	0.847647633093187
977	20	30	20_30_model.rda	0.675240362007011
978	20	31	20_31_model.rda	0.0937709080092173
979	20	32	20_32_model.rda	0.123707443501555
980	20	33	20_33_model.rda	0.798597640044228
981	20	34	20_34_model.rda	0.923896366638497
982	20	35	20_35_model.rda	0.898956700104276
983	20	36	20_36_model.rda	0.747747966270202
984	20	37	20_37_model.rda	0.663090663229154
985	20	38	20_38_model.rda	0.449428253309451
986	20	39	20_39_model.rda	0.584915355674281
987	20	41	20_41_model.rda	0.707620564215664
988	20	42	20_42_model.rda	0.388247110063541
989	20	43	20_43_model.rda	0.483012116500672
990	20	44	20_44_model.rda	0.730101333329659
991	20	45	20_45_model.rda	0.760747235274641
992	20	46	20_46_model.rda	0.769014704258821
993	20	48	20_48_model.rda	0.817425615031141
994	20	49	20_49_model.rda	0.885398889155121
995	20	50	20_50_model.rda	0.822130589694095
996	20	51	20_51_model.rda	0.85139641360938
997	20	52	20_52_model.rda	0.860341303866767
998	20	53	20_53_model.rda	0.422576614651324
999	20	54	20_54_model.rda	0.346536580331879
1000	20	55	20_55_model.rda	0.475938084587603
1001	20	56	20_56_model.rda	0.119286827353488
1002	20	58	20_58_model.rda	0.680461293734649
1003	20	59	20_59_model.rda	0.943096600043108
1004	20	60	20_60_model.rda	0.875121773490791
1005	20	62	20_62_model.rda	0.862572194495675
1006	20	65	20_65_model.rda	0.965401204530848
1007	20	66	20_66_model.rda	0.922178057804243
1008	20	67	20_67_model.rda	0.610788666018539
1009	20	68	20_68_model.rda	0.689492341806334
1010	20	69	20_69_model.rda	0.961613211510025
1011	21	22	21_22_model.rda	0.192667169266539
1012	21	24	21_24_model.rda	0.92305773450464
1013	21	25	21_25_model.rda	0.931693728474454
1014	21	26	21_26_model.rda	0.417029099070389
1015	21	27	21_27_model.rda	0.427260360035257
1016	21	28	21_28_model.rda	0.905122075476559
1017	21	30	21_30_model.rda	0.333887835315228
1018	21	31	21_31_model.rda	0.652130404026386
1019	21	32	21_32_model.rda	0.568419365676673
1020	21	33	21_33_model.rda	0.896420156991834
1021	21	34	21_34_model.rda	0.950274581888054
1022	21	35	21_35_model.rda	0.924557292096668
1023	21	36	21_36_model.rda	0.870343487695186
1024	21	37	21_37_model.rda	0.75501939650707
1025	21	38	21_38_model.rda	0.643095053698882
1026	21	39	21_39_model.rda	0.607568901418369
1027	21	41	21_41_model.rda	0.795428021405727
1028	21	42	21_42_model.rda	0.560869146293167
1029	21	43	21_43_model.rda	0.56837590652483
1030	21	44	21_44_model.rda	0.202572778298392
1031	21	45	21_45_model.rda	0.83262109181824
1032	21	46	21_46_model.rda	0.869659267879595
1033	21	48	21_48_model.rda	0.905077703480751
1034	21	49	21_49_model.rda	0.931756138349009
1035	21	50	21_50_model.rda	0.912842886152057
1036	21	51	21_51_model.rda	0.916598295517704
1037	21	52	21_52_model.rda	0.918583274848628
1038	21	53	21_53_model.rda	0.228764819043781
1039	21	54	21_54_model.rda	0.54050234441731
1040	21	55	21_55_model.rda	0.622411167801059
1041	21	56	21_56_model.rda	0.497988905429865
1042	21	58	21_58_model.rda	0.667991727628092
1043	21	59	21_59_model.rda	0.886958969043627
1044	21	60	21_60_model.rda	0.788461687225751
1045	21	62	21_62_model.rda	0.908943379518057
1046	21	65	21_65_model.rda	0.9674461783226
1047	21	66	21_66_model.rda	0.919065673080259
1048	21	67	21_67_model.rda	0.729352780584042
1049	21	68	21_68_model.rda	0.0134139426600299
1050	21	69	21_69_model.rda	0.950011930791628
1051	22	24	22_24_model.rda	0.873979352113116
1052	22	25	22_25_model.rda	0.879321117880572
1053	22	26	22_26_model.rda	0.152374494167092
1054	22	27	22_27_model.rda	0.187218817257704
1055	22	28	22_28_model.rda	0.834858892140852
1056	22	30	22_30_model.rda	0.194078144437801
1057	22	31	22_31_model.rda	0.424376826595308
1058	22	32	22_32_model.rda	0.340430775042283
1059	22	33	22_33_model.rda	0.799842593818459
1060	22	34	22_34_model.rda	0.999999917964364
1061	22	35	22_35_model.rda	0.907289236516909
1062	22	36	22_36_model.rda	0.757095003566272
1063	22	37	22_37_model.rda	0.66969813266705
1064	22	38	22_38_model.rda	0.426368076895135
1065	22	39	22_39_model.rda	0.388303592186599
1066	22	41	22_41_model.rda	0.678613379247652
1067	22	42	22_42_model.rda	0.302815750247383
1068	22	43	22_43_model.rda	0.378861486028148
1069	22	44	22_44_model.rda	0.208615950315372
1070	22	45	22_45_model.rda	0.727060972803495
1071	22	46	22_46_model.rda	0.757410385016632
1072	22	48	22_48_model.rda	0.821141132009967
1073	22	49	22_49_model.rda	0.871181698429922
1074	22	50	22_50_model.rda	0.845260525310252
1075	22	51	22_51_model.rda	0.873274285512287
1076	22	52	22_52_model.rda	0.868056085375482
1077	22	53	22_53_model.rda	0.0413493909987599
1078	22	54	22_54_model.rda	0.292681547803556
1079	22	55	22_55_model.rda	0.396614762068674
1080	22	56	22_56_model.rda	0.333863568724479
1081	22	58	22_58_model.rda	0.520952474649764
1082	22	59	22_59_model.rda	0.789101698279623
1083	22	60	22_60_model.rda	0.685734607884612
1084	22	62	22_62_model.rda	0.864774741591096
1085	22	65	22_65_model.rda	0.951169454771531
1086	22	66	22_66_model.rda	0.843226455532643
1087	22	67	22_67_model.rda	0.526800755093848
1088	22	68	22_68_model.rda	0.252442533058011
1089	22	69	22_69_model.rda	0.950808182871893
1090	24	25	24_25_model.rda	0.246285871922996
1091	24	26	24_26_model.rda	0.815345131409858
1092	24	27	24_27_model.rda	0.797433147808041
1093	24	28	24_28_model.rda	0.698030885201394
1094	24	30	24_30_model.rda	0.934331988195168
1095	24	31	24_31_model.rda	0.714054006805752
1096	24	32	24_32_model.rda	0.801457178114353
1097	24	33	24_33_model.rda	0.388843306578018
1098	24	34	24_34_model.rda	0.886154062754988
1099	24	35	24_35_model.rda	0.795004065464115
1100	24	36	24_36_model.rda	0.459296230106229
1101	24	37	24_37_model.rda	0.887045669483369
1102	24	38	24_38_model.rda	0.699003188691946
1103	24	39	24_39_model.rda	0.799237018009622
1104	24	41	24_41_model.rda	0.910962387258191
1105	24	42	24_42_model.rda	0.731023311387958
1106	24	43	24_43_model.rda	0.81387628413717
1107	24	44	24_44_model.rda	0.898863987729301
1108	24	45	24_45_model.rda	0.171675383170816
1109	24	46	24_46_model.rda	0.92768624380486
1110	24	48	24_48_model.rda	0.562316097764254
1111	24	49	24_49_model.rda	0.732101780757937
1112	24	50	24_50_model.rda	0.328562737955981
1113	24	51	24_51_model.rda	0.427053037100601
1114	24	52	24_52_model.rda	0.391596271903196
1115	24	53	24_53_model.rda	0.839045043639457
1116	24	54	24_54_model.rda	0.748030304215042
1117	24	55	24_55_model.rda	0.728779907340157
1118	24	56	24_56_model.rda	0.844697338324079
1119	24	58	24_58_model.rda	0.876975111545234
1120	24	59	24_59_model.rda	0.999999982282103
1121	24	60	24_60_model.rda	0.999999118195516
1122	24	62	24_62_model.rda	0.790644439406979
1123	24	65	24_65_model.rda	0.999999852067903
1124	24	66	24_66_model.rda	0.948130300453448
1125	24	67	24_67_model.rda	0.80752754917163
1126	24	68	24_68_model.rda	0.928373338363746
1127	24	69	24_69_model.rda	0.999999991167152
1128	25	26	25_26_model.rda	0.818044006386816
1129	25	27	25_27_model.rda	0.808480154776909
1130	25	28	25_28_model.rda	0.673692257262586
1131	25	30	25_30_model.rda	0.939770175202594
1132	25	31	25_31_model.rda	0.717110590882751
1133	25	32	25_32_model.rda	0.823135972206601
1134	25	33	25_33_model.rda	0.430797161801439
1135	25	34	25_34_model.rda	0.849868872912795
1136	25	35	25_35_model.rda	0.82205829566403
1137	25	36	25_36_model.rda	0.481040096734244
1138	25	37	25_37_model.rda	0.923472321402478
1139	25	38	25_38_model.rda	0.711550666974567
1140	25	39	25_39_model.rda	0.802181376516638
1141	25	41	25_41_model.rda	0.91830414011603
1142	25	42	25_42_model.rda	0.74996548331678
1143	25	43	25_43_model.rda	0.810893139680866
1144	25	44	25_44_model.rda	0.8910969825467
1145	25	45	25_45_model.rda	0.145639085318677
1146	25	46	25_46_model.rda	0.930417111877539
1147	25	48	25_48_model.rda	0.55076437551601
1148	25	49	25_49_model.rda	0.711984833401134
1149	25	50	25_50_model.rda	0.37352775722204
1150	25	51	25_51_model.rda	0.452359926510427
1151	25	52	25_52_model.rda	0.398750095677539
1152	25	53	25_53_model.rda	0.844237889947673
1153	25	54	25_54_model.rda	0.753494678950116
1154	25	55	25_55_model.rda	0.733075665291868
1155	25	56	25_56_model.rda	0.870654485579223
1156	25	58	25_58_model.rda	0.851430617730069
1157	25	59	25_59_model.rda	0.999995552757665
1158	25	60	25_60_model.rda	0.913543681051995
1159	25	62	25_62_model.rda	0.793982930060246
1160	25	65	25_65_model.rda	0.999999986654031
1161	25	66	25_66_model.rda	0.950777720290527
1162	25	67	25_67_model.rda	0.83052145518616
1163	25	68	25_68_model.rda	0.940524959350245
1164	25	69	25_69_model.rda	0.999999970560545
1165	26	27	26_27_model.rda	0.0347182738695322
1166	26	28	26_28_model.rda	0.756986749344852
1167	26	30	26_30_model.rda	0.415997202685228
1168	26	31	26_31_model.rda	0.236062539191576
1169	26	32	26_32_model.rda	0.119381109694871
1170	26	33	26_33_model.rda	0.695380401299072
1171	26	34	26_34_model.rda	0.900436214933181
1172	26	35	26_35_model.rda	0.855853692824445
1173	26	36	26_36_model.rda	0.624519687840111
1174	26	37	26_37_model.rda	0.576784422913077
1175	26	38	26_38_model.rda	0.201340162983409
1176	26	39	26_39_model.rda	0.243459865506514
1177	26	41	26_41_model.rda	0.625820437286434
1178	26	42	26_42_model.rda	0.112649015081499
1179	26	43	26_43_model.rda	0.208680305138263
1180	26	44	26_44_model.rda	0.421648457755482
1181	26	45	26_45_model.rda	0.638052233724433
1182	26	46	26_46_model.rda	0.703926290061092
1183	26	48	26_48_model.rda	0.6940352441938
1184	26	49	26_49_model.rda	0.809859433418339
1185	26	50	26_50_model.rda	0.761681991890181
1186	26	51	26_51_model.rda	0.752871922666967
1187	26	52	26_52_model.rda	0.788868994791071
1188	26	53	26_53_model.rda	0.106550999684548
1189	26	54	26_54_model.rda	0.113909566403487
1190	26	55	26_55_model.rda	0.227682490779442
1191	26	56	26_56_model.rda	0.17584683692804
1192	26	58	26_58_model.rda	0.329008927499022
1193	26	59	26_59_model.rda	0.816579059804517
1194	26	60	26_60_model.rda	0.689912631906215
1195	26	62	26_62_model.rda	0.781779979059933
1196	26	65	26_65_model.rda	0.928585389587697
1197	26	66	26_66_model.rda	0.83606011547236
1198	26	67	26_67_model.rda	0.321695418341825
1199	26	68	26_68_model.rda	0.470435921243498
1200	26	69	26_69_model.rda	0.946405745302008
1201	27	28	27_28_model.rda	0.756100811893574
1202	27	30	27_30_model.rda	0.442698054169619
1203	27	31	27_31_model.rda	0.185698873594426
1204	27	32	27_32_model.rda	0.0774787124610581
1205	27	33	27_33_model.rda	0.676383611075779
1206	27	34	27_34_model.rda	0.895636142196038
1207	27	35	27_35_model.rda	0.850225014969676
1208	27	36	27_36_model.rda	0.607517182396284
1209	27	37	27_37_model.rda	0.556144188929135
1210	27	38	27_38_model.rda	0.199788697476617
1211	27	39	27_39_model.rda	0.303190231639679
1212	27	41	27_41_model.rda	0.641484696295217
1213	27	42	27_42_model.rda	0.0853031472643331
1214	27	43	27_43_model.rda	0.245768421458661
1215	27	44	27_44_model.rda	0.473356632751547
1216	27	45	27_45_model.rda	0.638977592137148
1217	27	46	27_46_model.rda	0.731059581536708
1218	27	48	27_48_model.rda	0.709417717342413
1219	27	49	27_49_model.rda	0.81282043026633
1220	27	50	27_50_model.rda	0.746118894508045
1221	27	51	27_51_model.rda	0.764665888391198
1222	27	52	27_52_model.rda	0.77062540255283
1223	27	53	27_53_model.rda	0.111107147889569
1224	27	54	27_54_model.rda	0.0863173527624407
1225	27	55	27_55_model.rda	0.201853438687533
1226	27	56	27_56_model.rda	0.138231600454338
1227	27	58	27_58_model.rda	0.436164049771198
1228	27	59	27_59_model.rda	0.893371263667802
1229	27	60	27_60_model.rda	0.776842679702543
1230	27	62	27_62_model.rda	0.787790232907995
1231	27	65	27_65_model.rda	0.954278934983733
1232	27	66	27_66_model.rda	0.866074740103238
1233	27	67	27_67_model.rda	0.35505631784242
1234	27	68	27_68_model.rda	0.473493242439669
1235	27	69	27_69_model.rda	0.931221197181691
1236	28	30	28_30_model.rda	0.890838964923902
1237	28	31	28_31_model.rda	0.69351523732912
1238	28	32	28_32_model.rda	0.751499042194733
1239	28	33	28_33_model.rda	0.372698643268055
1240	28	34	28_34_model.rda	0.771181224678118
1241	28	35	28_35_model.rda	0.669726793975656
1242	28	36	28_36_model.rda	0.346640725570776
1243	28	37	28_37_model.rda	0.919657434161341
1244	28	38	28_38_model.rda	0.659433512205408
1245	28	39	28_39_model.rda	0.747344475682875
1246	28	41	28_41_model.rda	0.849284609829047
1247	28	42	28_42_model.rda	0.686993660192343
1248	28	43	28_43_model.rda	0.775740904664751
1249	28	44	28_44_model.rda	0.859658046608688
1250	28	45	28_45_model.rda	0.624666573298292
1251	28	46	28_46_model.rda	0.901058232678229
1252	28	48	28_48_model.rda	0.436785141231142
1253	28	49	28_49_model.rda	0.628987410348235
1254	28	50	28_50_model.rda	0.436806861247204
1255	28	51	28_51_model.rda	0.395774671401179
1256	28	52	28_52_model.rda	0.328366818333797
1257	28	53	28_53_model.rda	0.777499285564208
1258	28	54	28_54_model.rda	0.704768783235584
1259	28	55	28_55_model.rda	0.763464505148901
1260	28	56	28_56_model.rda	0.805913393495986
1261	28	58	28_58_model.rda	0.877426280177642
1262	28	59	28_59_model.rda	0.99999997819506
1263	28	60	28_60_model.rda	0.920120875919665
1264	28	62	28_62_model.rda	0.12181372683031
1265	28	65	28_65_model.rda	0.979766878245745
1266	28	66	28_66_model.rda	0.943878052883396
1267	28	67	28_67_model.rda	0.75240539753409
1268	28	68	28_68_model.rda	0.910846838241046
1269	28	69	28_69_model.rda	0.999999999003826
1270	30	31	30_31_model.rda	0.664477064612033
1271	30	32	30_32_model.rda	0.60082369468784
1272	30	33	30_33_model.rda	0.902133801529167
1273	30	34	30_34_model.rda	0.968144029320035
1274	30	35	30_35_model.rda	0.92698215867335
1275	30	36	30_36_model.rda	0.869400276798573
1276	30	37	30_37_model.rda	0.745606240689464
1277	30	38	30_38_model.rda	0.651167290835367
1278	30	39	30_39_model.rda	0.55997047451399
1279	30	41	30_41_model.rda	0.7938576529374
1280	30	42	30_42_model.rda	0.580908980835718
1281	30	43	30_43_model.rda	0.536675578459278
1282	30	44	30_44_model.rda	0.190246223520759
1283	30	45	30_45_model.rda	0.837329968826969
1284	30	46	30_46_model.rda	0.874185312808051
1285	30	48	30_48_model.rda	0.897103801708628
1286	30	49	30_49_model.rda	0.917336845755801
1287	30	50	30_50_model.rda	0.911644466375886
1288	30	51	30_51_model.rda	0.915473882293754
1289	30	52	30_52_model.rda	0.922573044678106
1290	30	53	30_53_model.rda	0.253935889630882
1291	30	54	30_54_model.rda	0.577818200139016
1292	30	55	30_55_model.rda	0.628920155305653
1293	30	56	30_56_model.rda	0.542134274371792
1294	30	58	30_58_model.rda	0.685234197054979
1295	30	59	30_59_model.rda	0.871625130767366
1296	30	60	30_60_model.rda	0.760438922407972
1297	30	62	30_62_model.rda	0.913272746587471
1298	30	65	30_65_model.rda	0.97098845618156
1299	30	66	30_66_model.rda	0.913131170198357
1300	30	67	30_67_model.rda	0.746112992935521
1301	30	68	30_68_model.rda	0.365500460011664
1302	30	69	30_69_model.rda	0.959146591829554
1303	31	32	31_32_model.rda	0.0969525567399487
1304	31	33	31_33_model.rda	0.567301304327354
1305	31	34	31_34_model.rda	0.901486886945417
1306	31	35	31_35_model.rda	0.822915445999302
1307	31	36	31_36_model.rda	0.505813067694806
1308	31	37	31_37_model.rda	0.580156113193278
1309	31	38	31_38_model.rda	0.25939856100053
1310	31	39	31_39_model.rda	0.403550050273522
1311	31	41	31_41_model.rda	0.711983434533368
1312	31	42	31_42_model.rda	0.238504847000607
1313	31	43	31_43_model.rda	0.343568112955558
1314	31	44	31_44_model.rda	0.689355920930057
1315	31	45	31_45_model.rda	0.558826977255354
1316	31	46	31_46_model.rda	0.773413209184358
1317	31	48	31_48_model.rda	0.654444581774923
1318	31	49	31_49_model.rda	0.771041608831149
1319	31	50	31_50_model.rda	0.626424647122604
1320	31	51	31_51_model.rda	0.6062682006576
1321	31	52	31_52_model.rda	0.671281950547707
1322	31	53	31_53_model.rda	0.368622939166854
1323	31	54	31_54_model.rda	0.209760743249876
1324	31	55	31_55_model.rda	0.304897743570911
1325	31	56	31_56_model.rda	0.202050918779258
1326	31	58	31_58_model.rda	0.496376476850002
1327	31	59	31_59_model.rda	0.885657048219265
1328	31	60	31_60_model.rda	0.787524870098221
1329	31	62	31_62_model.rda	0.777097843812526
1330	31	65	31_65_model.rda	0.965171555690316
1331	31	66	31_66_model.rda	0.902242904028017
1332	31	67	31_67_model.rda	0.474231518833695
1333	31	68	31_68_model.rda	0.682801833699538
1334	31	69	31_69_model.rda	0.947339556551681
1335	32	33	32_33_model.rda	0.667991395818813
1336	32	34	32_34_model.rda	0.891040556537165
1337	32	35	32_35_model.rda	0.832907429326573
1338	32	36	32_36_model.rda	0.595959246615995
1339	32	37	32_37_model.rda	0.498263831556514
1340	32	38	32_38_model.rda	0.202773856416008
1341	32	39	32_39_model.rda	0.358535836664196
1342	32	41	32_41_model.rda	0.666345750422759
1343	32	42	32_42_model.rda	0.131491178306069
1344	32	43	32_43_model.rda	0.300790067975227
1345	32	44	32_44_model.rda	0.651407249459071
1346	32	45	32_45_model.rda	0.617024425256934
1347	32	46	32_46_model.rda	0.746386756941849
1348	32	48	32_48_model.rda	0.703340278937629
1349	32	49	32_49_model.rda	0.819103298140278
1350	32	50	32_50_model.rda	0.737690312945384
1351	32	51	32_51_model.rda	0.726496924839537
1352	32	52	32_52_model.rda	0.765472720067136
1353	32	53	32_53_model.rda	0.248028724596137
1354	32	54	32_54_model.rda	0.121699677226083
1355	32	55	32_55_model.rda	0.222856959340598
1356	32	56	32_56_model.rda	0.0631780580201168
1357	32	58	32_58_model.rda	0.416485747698488
1358	32	59	32_59_model.rda	0.899484409150033
1359	32	60	32_60_model.rda	0.825417075197323
1360	32	62	32_62_model.rda	0.795177175333394
1361	32	65	32_65_model.rda	0.954185846591695
1362	32	66	32_66_model.rda	0.877875435216044
1363	32	67	32_67_model.rda	0.396282094836182
1364	32	68	32_68_model.rda	0.599709310792968
1365	32	69	32_69_model.rda	0.925468614237965
1366	33	34	33_34_model.rda	0.714118682906412
1367	33	35	33_35_model.rda	0.592990497151071
1368	33	36	33_36_model.rda	0.0345710968675562
1369	33	37	33_37_model.rda	0.891187462473623
1370	33	38	33_38_model.rda	0.506162762047721
1371	33	39	33_39_model.rda	0.70897275655722
1372	33	41	33_41_model.rda	0.84765072187612
1373	33	42	33_42_model.rda	0.589073930177548
1374	33	43	33_43_model.rda	0.718285214135423
1375	33	44	33_44_model.rda	0.849083124967458
1376	33	45	33_45_model.rda	0.261369169386606
1377	33	46	33_46_model.rda	0.892108610743273
1378	33	48	33_48_model.rda	0.292925898472167
1379	33	49	33_49_model.rda	0.536807754482829
1380	33	50	33_50_model.rda	0.106131513955847
1381	33	51	33_51_model.rda	0.104990767371199
1382	33	52	33_52_model.rda	0.132537888948139
1383	33	53	33_53_model.rda	0.762298671064802
1384	33	54	33_54_model.rda	0.610926217183725
1385	33	55	33_55_model.rda	0.671323558934527
1386	33	56	33_56_model.rda	0.780820719389867
1387	33	58	33_58_model.rda	0.766129384968064
1388	33	59	33_59_model.rda	0.968453528198359
1389	33	60	33_60_model.rda	0.908978513806807
1390	33	62	33_62_model.rda	0.555717257732331
1391	33	65	33_65_model.rda	0.98815742430358
1392	33	66	33_66_model.rda	0.939558709428146
1393	33	67	33_67_model.rda	0.670885961461435
1394	33	68	33_68_model.rda	0.905633775025132
1395	33	69	33_69_model.rda	0.999999842479646
1396	34	35	34_35_model.rda	0.00749458447639717
1397	34	36	34_36_model.rda	0.724570592526192
1398	34	37	34_37_model.rda	0.999999967315869
1399	34	38	34_38_model.rda	0.85168995199786
1400	34	39	34_39_model.rda	0.894746345011304
1401	34	41	34_41_model.rda	0.93493388023057
1402	34	42	34_42_model.rda	0.791922238864833
1403	34	43	34_43_model.rda	0.899678941894695
1404	34	44	34_44_model.rda	0.938096588372304
1405	34	45	34_45_model.rda	0.794680933245394
1406	34	46	34_46_model.rda	0.946304732483373
1407	34	48	34_48_model.rda	0.795114995701223
1408	34	49	34_49_model.rda	0.871503180496326
1409	34	50	34_50_model.rda	0.675313024874836
1410	34	51	34_51_model.rda	0.752963034265061
1411	34	52	34_52_model.rda	0.684776170768474
1412	34	53	34_53_model.rda	0.898360863621534
1413	34	54	34_54_model.rda	0.858713998545645
1414	34	55	34_55_model.rda	0.863280871109369
1415	34	56	34_56_model.rda	0.885239219345669
1416	34	58	34_58_model.rda	0.999999987347679
1417	34	59	34_59_model.rda	0.999999982654093
1418	34	60	34_60_model.rda	0.999999997294827
1419	34	62	34_62_model.rda	0.831088486584743
1420	34	65	34_65_model.rda	0.999999991352909
1421	34	66	34_66_model.rda	0.999999843269859
1422	34	67	34_67_model.rda	0.881152551513937
1423	34	68	34_68_model.rda	0.999996517385861
1424	34	69	34_69_model.rda	0.999999969109096
1425	35	36	35_36_model.rda	0.597923083345172
1426	35	37	35_37_model.rda	0.999999922247912
1427	35	38	35_38_model.rda	0.76244395469734
1428	35	39	35_39_model.rda	0.875554781690933
1429	35	41	35_41_model.rda	0.8943358656796
1430	35	42	35_42_model.rda	0.738452760251972
1431	35	43	35_43_model.rda	0.855535335475099
1432	35	44	35_44_model.rda	0.917997129082171
1433	35	45	35_45_model.rda	0.740054619520619
1434	35	46	35_46_model.rda	0.927780238096259
1435	35	48	35_48_model.rda	0.693627305186138
1436	35	49	35_49_model.rda	0.762919621105754
1437	35	50	35_50_model.rda	0.56863781956266
1438	35	51	35_51_model.rda	0.6273570137803
1439	35	52	35_52_model.rda	0.570527241156323
1440	35	53	35_53_model.rda	0.850180946467688
1441	35	54	35_54_model.rda	0.804077043344043
1442	35	55	35_55_model.rda	0.831656577335132
1443	35	56	35_56_model.rda	0.859520459947301
1444	35	58	35_58_model.rda	0.999999915856568
1445	35	59	35_59_model.rda	0.999999974336439
1446	35	60	35_60_model.rda	0.999999987268753
1447	35	62	35_62_model.rda	0.755784151264376
1448	35	65	35_65_model.rda	0.99999999616485
1449	35	66	35_66_model.rda	0.999999947081793
1450	35	67	35_67_model.rda	0.830650004867135
1451	35	68	35_68_model.rda	0.948662327799253
1452	35	69	35_69_model.rda	0.999999996126974
1453	36	37	36_37_model.rda	0.844214795061967
1454	36	38	36_38_model.rda	0.452726508555426
1455	36	39	36_39_model.rda	0.626698812995814
1456	36	41	36_41_model.rda	0.825753377994426
1457	36	42	36_42_model.rda	0.519203815552731
1458	36	43	36_43_model.rda	0.637833679132587
1459	36	44	36_44_model.rda	0.817751863617906
1460	36	45	36_45_model.rda	0.294535170445728
1461	36	46	36_46_model.rda	0.873977067050607
1462	36	48	36_48_model.rda	0.270732713045223
1463	36	49	36_49_model.rda	0.536257718252656
1464	36	50	36_50_model.rda	0.149807167170284
1465	36	51	36_51_model.rda	0.153721829099599
1466	36	52	36_52_model.rda	0.184033704297465
1467	36	53	36_53_model.rda	0.691841996564099
1468	36	54	36_54_model.rda	0.530489770581895
1469	36	55	36_55_model.rda	0.627414179440254
1470	36	56	36_56_model.rda	0.724696353332485
1471	36	58	36_58_model.rda	0.711250059890361
1472	36	59	36_59_model.rda	0.963883888725464
1473	36	60	36_60_model.rda	0.903905029528448
1474	36	62	36_62_model.rda	0.513227125030238
1475	36	65	36_65_model.rda	0.973276325335477
1476	36	66	36_66_model.rda	0.925361018912577
1477	36	67	36_67_model.rda	0.618213759530941
1478	36	68	36_68_model.rda	0.88160620421595
1479	36	69	36_69_model.rda	0.999999940919485
1480	37	38	37_38_model.rda	0.506496096193
1481	37	39	37_39_model.rda	0.52398428784173
1482	37	41	37_41_model.rda	0.797389530064027
1483	37	42	37_42_model.rda	0.52128147933727
1484	37	43	37_43_model.rda	0.522931618429498
1485	37	44	37_44_model.rda	0.719468826353079
1486	37	45	37_45_model.rda	0.74287861449111
1487	37	46	37_46_model.rda	0.826534725382351
1488	37	48	37_48_model.rda	0.892223038046076
1489	37	49	37_49_model.rda	0.959594867175721
1490	37	50	37_50_model.rda	0.900283333482468
1491	37	51	37_51_model.rda	0.999999865916063
1492	37	52	37_52_model.rda	0.90983372006039
1493	37	53	37_53_model.rda	0.605721159325665
1494	37	54	37_54_model.rda	0.528350728432545
1495	37	55	37_55_model.rda	0.435555662169374
1496	37	56	37_56_model.rda	0.514825487667
1497	37	58	37_58_model.rda	0.718224144622334
1498	37	59	37_59_model.rda	0.999999956677953
1499	37	60	37_60_model.rda	0.893443936636688
1500	37	62	37_62_model.rda	0.931467601564136
1501	37	65	37_65_model.rda	0.958158899366546
1502	37	66	37_66_model.rda	0.899041664173116
1503	37	67	37_67_model.rda	0.630653873227292
1504	37	68	37_68_model.rda	0.786954958650249
1505	37	69	37_69_model.rda	0.738413047346712
1506	38	39	38_39_model.rda	0.212472318234858
1507	38	41	38_41_model.rda	0.613208309369487
1508	38	42	38_42_model.rda	0.103777031319748
1509	38	43	38_43_model.rda	0.216883802126059
1510	38	44	38_44_model.rda	0.638744958023052
1511	38	45	38_45_model.rda	0.521317603513523
1512	38	46	38_46_model.rda	0.71607750793423
1513	38	48	38_48_model.rda	0.483994118960192
1514	38	49	38_49_model.rda	0.641907486434286
1515	38	50	38_50_model.rda	0.57819295544332
1516	38	51	38_51_model.rda	0.577938218458389
1517	38	52	38_52_model.rda	0.590563039639979
1518	38	53	38_53_model.rda	0.359959332554857
1519	38	54	38_54_model.rda	0.127948146251866
1520	38	55	38_55_model.rda	0.141032247637615
1521	38	56	38_56_model.rda	0.30717421919495
1522	38	58	38_58_model.rda	0.399852314187508
1523	38	59	38_59_model.rda	0.899123461173533
1524	38	60	38_60_model.rda	0.80202306163782
1525	38	62	38_62_model.rda	0.708010162786683
1526	38	65	38_65_model.rda	0.945200822432971
1527	38	66	38_66_model.rda	0.855291714460952
1528	38	67	38_67_model.rda	0.177654716788078
1529	38	68	38_68_model.rda	0.675771051216659
1530	38	69	38_69_model.rda	0.936917552562732
1531	39	41	39_41_model.rda	0.685899854076903
1532	39	42	39_42_model.rda	0.244222209330066
1533	39	43	39_43_model.rda	0.0595501184011273
1534	39	44	39_44_model.rda	0.454111487386557
1535	39	45	39_45_model.rda	0.631819223877439
1536	39	46	39_46_model.rda	0.750992674603068
1537	39	48	39_48_model.rda	0.675435311764184
1538	39	49	39_49_model.rda	0.805374905301772
1539	39	50	39_50_model.rda	0.738836186797518
1540	39	51	39_51_model.rda	0.748856565938368
1541	39	52	39_52_model.rda	0.747737368435446
1542	39	53	39_53_model.rda	0.359822327018381
1543	39	54	39_54_model.rda	0.249130037647293
1544	39	55	39_55_model.rda	0.190044457896117
1545	39	56	39_56_model.rda	0.452379231333672
1546	39	58	39_58_model.rda	0.386548724468442
1547	39	59	39_59_model.rda	0.827345803301535
1548	39	60	39_60_model.rda	0.762129380981248
1549	39	62	39_62_model.rda	0.769228585203531
1550	39	65	39_65_model.rda	0.931659949180536
1551	39	66	39_66_model.rda	0.812110273123209
1552	39	67	39_67_model.rda	0.382832116709237
1553	39	68	39_68_model.rda	0.634572666254674
1554	39	69	39_69_model.rda	0.932216906823669
1555	41	42	41_42_model.rda	0.643709901185742
1556	41	43	41_43_model.rda	0.678698041788576
1557	41	44	41_44_model.rda	0.8050423629861
1558	41	45	41_45_model.rda	0.856741626952607
1559	41	46	41_46_model.rda	0.114174417962806
1560	41	48	41_48_model.rda	0.769015197871041
1561	41	49	41_49_model.rda	0.806138412592699
1562	41	50	41_50_model.rda	0.868605002189071
1563	41	51	41_51_model.rda	0.831617399083972
1564	41	52	41_52_model.rda	0.859159630566329
1565	41	53	41_53_model.rda	0.662928106855307
1566	41	54	41_54_model.rda	0.632327106568883
1567	41	55	41_55_model.rda	0.685275390873324
1568	41	56	41_56_model.rda	0.624240983134711
1569	41	58	41_58_model.rda	0.703151708358583
1570	41	59	41_59_model.rda	0.922337919799397
1571	41	60	41_60_model.rda	0.884578880232699
1572	41	62	41_62_model.rda	0.851289100441371
1573	41	65	41_65_model.rda	0.968833330505689
1574	41	66	41_66_model.rda	0.930578921857506
1575	41	67	41_67_model.rda	0.605506450895346
1576	41	68	41_68_model.rda	0.797440045232154
1577	41	69	41_69_model.rda	0.97018443846806
1578	42	43	42_43_model.rda	0.21667469647254
1579	42	44	42_44_model.rda	0.60015855378006
1580	42	45	42_45_model.rda	0.546210557855293
1581	42	46	42_46_model.rda	0.738445544221881
1582	42	48	42_48_model.rda	0.641297940176064
1583	42	49	42_49_model.rda	0.770537862801036
1584	42	50	42_50_model.rda	0.627791932563392
1585	42	51	42_51_model.rda	0.600205584512092
1586	42	52	42_52_model.rda	0.657929267424313
1587	42	53	42_53_model.rda	0.239889174715259
1588	42	54	42_54_model.rda	0.019377267753367
1589	42	55	42_55_model.rda	0.074699625737273
1590	42	56	42_56_model.rda	0.223492032784878
1591	42	58	42_58_model.rda	0.370253774804297
1592	42	59	42_59_model.rda	0.854161485996159
1593	42	60	42_60_model.rda	0.777544719168168
1594	42	62	42_62_model.rda	0.726908563359384
1595	42	65	42_65_model.rda	0.942351530176669
1596	42	66	42_66_model.rda	0.83347386510372
1597	42	67	42_67_model.rda	0.295984629704356
1598	42	68	42_68_model.rda	0.609762377570025
1599	42	69	42_69_model.rda	0.948773168314525
1600	43	44	43_44_model.rda	0.475390550371113
1601	43	45	43_45_model.rda	0.613164454282448
1602	43	46	43_46_model.rda	0.720822608431479
1603	43	48	43_48_model.rda	0.739403517117411
1604	43	49	43_49_model.rda	0.826557765637847
1605	43	50	43_50_model.rda	0.753559697947221
1606	43	51	43_51_model.rda	0.754603086986426
1607	43	52	43_52_model.rda	0.774610602354091
1608	43	53	43_53_model.rda	0.291999928773588
1609	43	54	43_54_model.rda	0.219918467468962
1610	43	55	43_55_model.rda	0.195124353670469
1611	43	56	43_56_model.rda	0.351556790010706
1612	43	58	43_58_model.rda	0.448313378093972
1613	43	59	43_59_model.rda	0.900021469506999
1614	43	60	43_60_model.rda	0.778422583983003
1615	43	62	43_62_model.rda	0.798495478428718
1616	43	65	43_65_model.rda	0.942255766780444
1617	43	66	43_66_model.rda	0.832513658585158
1618	43	67	43_67_model.rda	0.384206320361066
1619	43	68	43_68_model.rda	0.598970908304626
1620	43	69	43_69_model.rda	0.935714856170216
1621	44	45	44_45_model.rda	0.780952827249017
1622	44	46	44_46_model.rda	0.88188047291266
1623	44	48	44_48_model.rda	0.861901608291167
1624	44	49	44_49_model.rda	0.910508136151627
1625	44	50	44_50_model.rda	0.877838985401447
1626	44	51	44_51_model.rda	0.856940857214389
1627	44	52	44_52_model.rda	0.888480231600582
1628	44	53	44_53_model.rda	0.295143868393012
1629	44	54	44_54_model.rda	0.588259904266648
1630	44	55	44_55_model.rda	0.608184665932208
1631	44	56	44_56_model.rda	0.603675446409893
1632	44	58	44_58_model.rda	0.495402179850489
1633	44	59	44_59_model.rda	0.664069244463951
1634	44	60	44_60_model.rda	0.601134035194417
1635	44	62	44_62_model.rda	0.856777438815631
1636	44	65	44_65_model.rda	0.956187089119861
1637	44	66	44_66_model.rda	0.895078847512682
1638	44	67	44_67_model.rda	0.717817503997827
1639	44	68	44_68_model.rda	0.180436564201908
1640	44	69	44_69_model.rda	0.949261088449152
1641	45	46	45_46_model.rda	0.881469534475298
1642	45	48	45_48_model.rda	0.480001540302461
1643	45	49	45_49_model.rda	0.692375870729643
1644	45	50	45_50_model.rda	0.275107222973369
1645	45	51	45_51_model.rda	0.370747853721123
1646	45	52	45_52_model.rda	0.331037046673977
1647	45	53	45_53_model.rda	0.681723853740698
1648	45	54	45_54_model.rda	0.54801426622638
1649	45	55	45_55_model.rda	0.546481819294619
1650	45	56	45_56_model.rda	0.729873301833544
1651	45	58	45_58_model.rda	0.766028466155963
1652	45	59	45_59_model.rda	0.946746252344426
1653	45	60	45_60_model.rda	0.899843948527908
1654	45	62	45_62_model.rda	0.724191175946773
1655	45	65	45_65_model.rda	0.98268742166878
1656	45	66	45_66_model.rda	0.912004759240451
1657	45	67	45_67_model.rda	0.685783131073589
1658	45	68	45_68_model.rda	0.851661262898831
1659	45	69	45_69_model.rda	0.972180795690039
1660	46	48	46_48_model.rda	0.843347512537975
1661	46	49	46_49_model.rda	0.878750575234074
1662	46	50	46_50_model.rda	0.901371949164169
1663	46	51	46_51_model.rda	0.871708342139161
1664	46	52	46_52_model.rda	0.907073036577682
1665	46	53	46_53_model.rda	0.765181087553564
1666	46	54	46_54_model.rda	0.726483925367816
1667	46	55	46_55_model.rda	0.753554155255041
1668	46	56	46_56_model.rda	0.693425531823864
1669	46	58	46_58_model.rda	0.719891958660012
1670	46	59	46_59_model.rda	0.930432360771222
1671	46	60	46_60_model.rda	0.895288953491075
1672	46	62	46_62_model.rda	0.902774919769297
1673	46	65	46_65_model.rda	0.977919802637315
1674	46	66	46_66_model.rda	0.946927520557367
1675	46	67	46_67_model.rda	0.735289724280696
1676	46	68	46_68_model.rda	0.883300489099702
1677	46	69	46_69_model.rda	0.968198758201461
1678	48	49	48_49_model.rda	0.012767783181577
1679	48	50	48_50_model.rda	0.307680862624863
1680	48	51	48_51_model.rda	0.270140496999519
1681	48	52	48_52_model.rda	0.267428665252498
1682	48	53	48_53_model.rda	0.77220308294939
1683	48	54	48_54_model.rda	0.647075583726618
1684	48	55	48_55_model.rda	0.702106502001286
1685	48	56	48_56_model.rda	0.785498869208631
1686	48	58	48_58_model.rda	0.765376656593741
1687	48	59	48_59_model.rda	0.950006874806414
1688	48	60	48_60_model.rda	0.92594897796585
1689	48	62	48_62_model.rda	0.59113614606292
1690	48	65	48_65_model.rda	0.977249618120904
1691	48	66	48_66_model.rda	0.945806086145501
1692	48	67	48_67_model.rda	0.59288334943019
1693	48	68	48_68_model.rda	0.907275301038308
1694	48	69	48_69_model.rda	0.999999971221311
1695	49	50	49_50_model.rda	0.529682879328627
1696	49	51	49_51_model.rda	0.483273012276606
1697	49	52	49_52_model.rda	0.450276628659178
1698	49	53	49_53_model.rda	0.844843729801415
1699	49	54	49_54_model.rda	0.774778896524469
1700	49	55	49_55_model.rda	0.81414089940902
1701	49	56	49_56_model.rda	0.852306797391099
1702	49	58	49_58_model.rda	0.874115639733437
1703	49	59	49_59_model.rda	0.999999975852272
1704	49	60	49_60_model.rda	0.905758618811658
1705	49	62	49_62_model.rda	0.727018099086759
1706	49	65	49_65_model.rda	0.999999986314053
1707	49	66	49_66_model.rda	0.954923653128498
1708	49	67	49_67_model.rda	0.734740187649421
1709	49	68	49_68_model.rda	0.946999306620667
1710	49	69	49_69_model.rda	0.999999998187889
1711	50	51	50_51_model.rda	0.0788115529874185
1712	50	52	50_52_model.rda	0.0500863112623409
1713	50	53	50_53_model.rda	0.793546690989489
1714	50	54	50_54_model.rda	0.65964201599456
1715	50	55	50_55_model.rda	0.687496473488824
1716	50	56	50_56_model.rda	0.799488675273418
1717	50	58	50_58_model.rda	0.827681637546059
1718	50	59	50_59_model.rda	0.999999973503956
1719	50	60	50_60_model.rda	0.923374041459419
1720	50	62	50_62_model.rda	0.549674349488374
1721	50	65	50_65_model.rda	0.98942232795162
1722	50	66	50_66_model.rda	0.944928281660609
1723	50	67	50_67_model.rda	0.723374117245036
1724	50	68	50_68_model.rda	0.919632986844224
1725	50	69	50_69_model.rda	0.999999893510089
1726	51	52	51_52_model.rda	0.0858717467292937
1727	51	53	51_53_model.rda	0.745386648689093
1728	51	54	51_54_model.rda	0.668068211106378
1729	51	55	51_55_model.rda	0.687230176289957
1730	51	56	51_56_model.rda	0.80638627784434
1731	51	58	51_58_model.rda	0.999999391609554
1732	51	59	51_59_model.rda	0.999999996668854
1733	51	60	51_60_model.rda	0.999999998143227
1734	51	62	51_62_model.rda	0.549327250122555
1735	51	65	51_65_model.rda	0.99999999632461
1736	51	66	51_66_model.rda	0.949435373185094
1737	51	67	51_67_model.rda	0.719519924888611
1738	51	68	51_68_model.rda	0.940934698088129
1739	51	69	51_69_model.rda	0.999999976713308
1740	52	53	52_53_model.rda	0.812084438526017
1741	52	54	52_54_model.rda	0.697059956443743
1742	52	55	52_55_model.rda	0.708165478638585
1743	52	56	52_56_model.rda	0.824005730103859
1744	52	58	52_58_model.rda	0.872971646142167
1745	52	59	52_59_model.rda	0.999999993037438
1746	52	60	52_60_model.rda	0.915645408759967
1747	52	62	52_62_model.rda	0.447454273577498
1748	52	65	52_65_model.rda	0.999999888337738
1749	52	66	52_66_model.rda	0.961797842058113
1750	52	67	52_67_model.rda	0.745095760182682
1751	52	68	52_68_model.rda	0.927904741613039
1752	52	69	52_69_model.rda	0.999999921361499
1753	53	54	53_54_model.rda	0.227950858393367
1754	53	55	53_55_model.rda	0.335738098338688
1755	53	56	53_56_model.rda	0.245704908051598
1756	53	58	53_58_model.rda	0.474269865020718
1757	53	59	53_59_model.rda	0.803908507814404
1758	53	60	53_60_model.rda	0.72859165578265
1759	53	62	53_62_model.rda	0.81067217951247
1760	53	65	53_65_model.rda	0.954512016704078
1761	53	66	53_66_model.rda	0.867162729738828
1762	53	67	53_67_model.rda	0.50318885697596
1763	53	68	53_68_model.rda	0.285967180207067
1764	53	69	53_69_model.rda	0.942676870876412
1765	54	55	54_55_model.rda	0.0914527962705401
1766	54	56	54_56_model.rda	0.191171360490407
1767	54	58	54_58_model.rda	0.366416852980553
1768	54	59	54_59_model.rda	0.8145071876917
1769	54	60	54_60_model.rda	0.737654397766809
1770	54	62	54_62_model.rda	0.729184289735697
1771	54	65	54_65_model.rda	0.94377581575542
1772	54	66	54_66_model.rda	0.855195818598079
1773	54	67	54_67_model.rda	0.321479996455184
1774	54	68	54_68_model.rda	0.581259180689038
1775	54	69	54_69_model.rda	0.935965694823595
1776	55	56	55_56_model.rda	0.295631991915084
1777	55	58	55_58_model.rda	0.408057836697097
1778	55	59	55_59_model.rda	0.869472684061411
1779	55	60	55_60_model.rda	0.762935327086269
1780	55	62	55_62_model.rda	0.814259721028236
1781	55	65	55_65_model.rda	0.952930372057497
1782	55	66	55_66_model.rda	0.840011357733075
1783	55	67	55_67_model.rda	0.360569830811975
1784	55	68	55_68_model.rda	0.65444805403703
1785	55	69	55_69_model.rda	0.937605979862927
1786	56	58	56_58_model.rda	0.503397699105791
1787	56	59	56_59_model.rda	0.855632597017969
1788	56	60	56_60_model.rda	0.743105459485953
1789	56	62	56_62_model.rda	0.812481983396861
1790	56	65	56_65_model.rda	0.949003688775823
1791	56	66	56_66_model.rda	0.877407016700694
1792	56	67	56_67_model.rda	0.468305190211671
1793	56	68	56_68_model.rda	0.546256069933524
1794	56	69	56_69_model.rda	0.907986530737411
1795	58	59	58_59_model.rda	0.869725561199711
1796	58	60	58_60_model.rda	0.784233787195162
1797	58	62	58_62_model.rda	0.893186269686458
1798	58	65	58_65_model.rda	0.999999734398349
1799	58	66	58_66_model.rda	0.848982497624691
1800	58	67	58_67_model.rda	0.401726467710564
1801	58	68	58_68_model.rda	0.759450899930323
1802	58	69	58_69_model.rda	0.999999940323482
1803	59	60	59_60_model.rda	0.0229402506379699
1804	59	62	59_62_model.rda	0.999999987815617
1805	59	65	59_65_model.rda	0.999993524180283
1806	59	66	59_66_model.rda	0.966398294389314
1807	59	67	59_67_model.rda	0.906626511724568
1808	59	68	59_68_model.rda	0.926292758062147
1809	59	69	59_69_model.rda	0.99999996049921
1810	60	62	60_62_model.rda	0.999999925591789
1811	60	65	60_65_model.rda	0.999999968505924
1812	60	66	60_66_model.rda	0.91852990577815
1813	60	67	60_67_model.rda	0.826159307113471
1814	60	68	60_68_model.rda	0.855643432047165
1815	60	69	60_69_model.rda	0.999806617284302
1816	62	65	62_65_model.rda	0.999999925424967
1817	62	66	62_66_model.rda	0.956154597309272
1818	62	67	62_67_model.rda	0.787223476977197
1819	62	68	62_68_model.rda	0.924752594319676
1820	62	69	62_69_model.rda	0.999999996053452
1821	65	66	65_66_model.rda	0.00644592058533866
1822	65	67	65_67_model.rda	0.95452380436884
1823	65	68	65_68_model.rda	0.976630154472807
1824	65	69	65_69_model.rda	0.999999940203088
1825	66	67	66_67_model.rda	0.873788090606832
1826	66	68	66_68_model.rda	0.936193993923797
1827	66	69	66_69_model.rda	0.999999937650521
1828	67	68	67_68_model.rda	0.760052899506731
1829	67	69	67_69_model.rda	0.943019107758636
1830	68	69	68_69_model.rda	0.959908169179508
